5 0.366398 0.288786 0.018947 0.014359
5 0.396722 0.292924 0.020916 0.013221
3 0.476894 0.299728 0.068795 0.022675
3 0.566981 0.309111 0.098881 0.028657
3 0.654488 0.316739 0.066078 0.021400
4 0.785901 0.331496 0.099084 0.028794
5 0.362189 0.308834 0.018947 0.014359
5 0.391291 0.312835 0.018471 0.012947
3 0.465588 0.318247 0.054601 0.022440
3 0.547492 0.327444 0.101054 0.027656
3 0.634999 0.335072 0.068795 0.022675
4 0.774834 0.349308 0.108864 0.029892
5 0.356011 0.327196 0.018947 0.014359
5 0.386335 0.331334 0.020916 0.013221
3 0.503418 0.341550 0.145062 0.032598
3 0.628821 0.353433 0.098134 0.025969
4 0.775990 0.368493 0.099084 0.028794
5 0.352278 0.345832 0.018947 0.014359
5 0.382364 0.350676 0.020441 0.011809
3 0.456662 0.356087 0.056571 0.021302
3 0.529261 0.362774 0.083464 0.024322
3 0.602846 0.370304 0.053650 0.019615
4 0.768590 0.386717 0.096639 0.028520
5 0.348307 0.365174 0.018471 0.012947
5 0.375201 0.368194 0.023361 0.013496
3 0.456596 0.375135 0.068795 0.022675
3 0.531165 0.383509 0.071240 0.022949
3 0.616957 0.390224 0.095179 0.024420
4 0.762411 0.405079 0.096639 0.028520
5 0.344812 0.383103 0.018947 0.014359
5 0.371468 0.386830 0.023361 0.013496
3 0.451640 0.393634 0.071240 0.022949
3 0.518875 0.401184 0.054126 0.021027
3 0.576805 0.406223 0.051681 0.020753
4 0.793144 0.426852 0.021867 0.016046
5 0.341316 0.401033 0.018471 0.012947
5 0.367735 0.405466 0.023361 0.013496
3 0.468688 0.414603 0.112803 0.027617
3 0.570865 0.423878 0.080544 0.022635
3 0.635892 0.430448 0.039456 0.019380
4 0.751515 0.441233 0.098609 0.027382
5 0.335138 0.419395 0.018471 0.012947
5 0.365462 0.423533 0.020441 0.011809
3 0.438299 0.429513 0.053650 0.019615
3 0.494769 0.435121 0.054126 0.021027
4 0.746560 0.459731 0.096164 0.027107
5 0.331405 0.438030 0.018471 0.012947
5 0.358299 0.441050 0.023361 0.013496
3 0.432596 0.446462 0.053650 0.019615
3 0.510833 0.455247 0.097659 0.024557
4 0.739159 0.477955 0.098609 0.027382
5 0.328147 0.455254 0.018471 0.012947
5 0.356025 0.459117 0.020441 0.011809
3 0.433515 0.466353 0.068795 0.022675
3 0.505130 0.472196 0.068320 0.021262
3 0.575047 0.479315 0.066350 0.022400
4 0.731758 0.496179 0.096164 0.027107
5 0.320984 0.472772 0.027232 0.018007
5 0.348862 0.476635 0.023361 0.013496
3 0.427812 0.483302 0.068795 0.022675
3 0.511669 0.492352 0.095723 0.026264
4 0.726429 0.513903 0.098337 0.026107
5 0.315043 0.490427 0.026756 0.016595
5 0.344892 0.495977 0.022886 0.012083
3 0.430191 0.502624 0.081020 0.024047
3 0.523573 0.511645 0.095689 0.025695
4 0.722798 0.530352 0.096164 0.027107
5 0.308627 0.509495 0.021391 0.014634
5 0.336269 0.514064 0.022886 0.012083
3 0.415931 0.518612 0.068795 0.022675
3 0.494643 0.525985 0.083464 0.024322
3 0.574578 0.533496 0.071240 0.022949
4 0.724667 0.547418 0.105469 0.026793
5 0.301227 0.527719 0.018947 0.014359
5 0.331551 0.531857 0.020916 0.013221
3 0.409753 0.536974 0.068795 0.022675
3 0.497022 0.545308 0.095689 0.025695
3 0.584512 0.551101 0.068285 0.020693
4 0.717504 0.564936 0.098609 0.027382
5 0.293826 0.545943 0.021391 0.014634
5 0.322690 0.550650 0.020441 0.011809
3 0.396240 0.554512 0.054126 0.021027
3 0.489248 0.563110 0.127201 0.028695
3 0.587383 0.570845 0.056095 0.019890
4 0.706674 0.582042 0.118644 0.030990
5 0.286188 0.564873 0.018471 0.012947
5 0.316512 0.569011 0.020441 0.011809
3 0.397159 0.574403 0.069270 0.024087
3 0.485871 0.580334 0.098099 0.025400
3 0.573633 0.589089 0.072190 0.025774
4 0.711498 0.601639 0.101529 0.029069
5 0.276580 0.582116 0.027232 0.018007
5 0.306904 0.586254 0.023361 0.013496
3 0.382661 0.591097 0.056571 0.021302
3 0.441814 0.596274 0.056571 0.021302
4 0.706067 0.621550 0.103974 0.029343
5 0.270674 0.603440 0.018947 0.014359
5 0.300251 0.606028 0.023361 0.013496
3 0.377231 0.611008 0.054126 0.021027
3 0.443718 0.617008 0.069746 0.025500
4 0.701621 0.642305 0.104449 0.030756
5 0.261576 0.622939 0.018947 0.014359
5 0.290915 0.626234 0.023836 0.014908
3 0.376452 0.632174 0.071715 0.024362
3 0.460054 0.640097 0.086385 0.026009
3 0.542671 0.647175 0.073685 0.023224
4 0.697412 0.662353 0.104449 0.030756
5 0.254685 0.643419 0.019422 0.015771
5 0.284261 0.646007 0.023836 0.014908
3 0.369561 0.652654 0.071240 0.022949
3 0.439716 0.659067 0.054126 0.021027
3 0.500091 0.664381 0.056571 0.021302
4 0.731337 0.685951 0.027232 0.018007
5 0.246809 0.663056 0.021867 0.016046
5 0.277133 0.667194 0.023836 0.014908
3 0.369257 0.672408 0.088829 0.026283
3 0.469973 0.682252 0.103499 0.027931
4 0.687162 0.702244 0.106147 0.028343
5 0.241141 0.683673 0.018947 0.014359
5 0.270717 0.686261 0.023361 0.013496
3 0.349667 0.692928 0.054126 0.021027
3 0.410042 0.698242 0.056571 0.021302
3 0.489976 0.705752 0.088354 0.024871
4 0.683327 0.723067 0.101529 0.029069
5 0.445022 0.742859 0.150630 0.030028
5 0.649493 0.761409 0.150393 0.033991
5 0.455483 0.764907 0.119866 0.027165
5 0.658986 0.784095 0.119119 0.032403
5 0.480240 0.787475 0.059491 0.022989
5 0.655016 0.803437 0.118644 0.030990
5 0.434485 0.804338 0.134773 0.030225
5 0.679161 0.825937 0.057046 0.022714
2 0.258985 0.841782 0.087879 0.023459
2 0.350159 0.849822 0.088354 0.024871
2 0.548585 0.861830 0.290090 0.057133
