5 0.044258 0.382716 0.021531 0.024691
3 0.187799 0.383488 0.160287 0.026235
3 0.403110 0.383488 0.222488 0.026235
4 0.655502 0.383488 0.143541 0.029321
5 0.041866 0.418210 0.021531 0.024691
3 0.188995 0.418981 0.162679 0.026235
3 0.331340 0.418210 0.078947 0.024691
4 0.645933 0.417438 0.167464 0.029321
5 0.188995 0.454475 0.110048 0.026235
5 0.320574 0.452932 0.105263 0.026235
5 0.039474 0.491512 0.021531 0.026235
3 0.177033 0.490741 0.138756 0.027778
3 0.342703 0.488040 0.159091 0.031636
4 0.650718 0.486111 0.167464 0.030864
5 0.215909 0.526620 0.166268 0.030093
5 0.370813 0.523148 0.105263 0.027778
5 0.038278 0.568673 0.023923 0.026235
3 0.163278 0.565586 0.111244 0.030864
3 0.306818 0.561728 0.137560 0.030864
3 0.436603 0.558642 0.078947 0.027778
4 0.665670 0.555941 0.149522 0.037809
5 0.038278 0.607253 0.023923 0.026235
3 0.198565 0.602238 0.188995 0.033179
3 0.336722 0.598765 0.084928 0.030864
3 0.462321 0.594907 0.132775 0.030864
4 0.669258 0.592978 0.147129 0.036265
5 0.037081 0.647377 0.021531 0.026235
3 0.200359 0.641590 0.199761 0.034722
3 0.426435 0.634259 0.211722 0.035494
4 0.671651 0.629630 0.149522 0.035494
5 0.217105 0.720293 0.228469 0.039352
5 0.665670 0.703318 0.175837 0.042438
5 0.679426 0.739198 0.150718 0.041667
5 0.145335 0.761960 0.084928 0.031636
5 0.150120 0.802083 0.092105 0.033179
5 0.273923 0.795910 0.119617 0.036265
5 0.681818 0.776235 0.153110 0.043210
2 0.188995 0.852623 0.181818 0.064815
2 0.559211 0.831790 0.364833 0.081790
