5 0.252316 0.571493 0.029892 0.028949
3 0.276332 0.551942 0.049837 0.044552
3 0.313441 0.526423 0.053640 0.048594
3 0.357303 0.492773 0.067538 0.060813
4 0.561791 0.332748 0.073243 0.063351
5 0.284550 0.576615 0.050178 0.042391
5 0.289548 0.598280 0.039596 0.036845
5 0.329730 0.626147 0.080167 0.067393
5 0.623259 0.404086 0.071146 0.060343
2 0.333437 0.652418 0.058321 0.050944
2 0.641278 0.422884 0.071682 0.061847
5 0.362209 0.703408 0.064953 0.060625
5 0.677584 0.464898 0.083337 0.072374
5 0.404439 0.715203 0.105524 0.091173
5 0.706306 0.494128 0.079534 0.070682
