3 0.143801 0.493849 0.059468 0.028484
3 0.248991 0.492864 0.126703 0.029114
3 0.389967 0.491543 0.122365 0.029073
3 0.507086 0.490446 0.078988 0.028667
5 0.624205 0.489349 0.035610 0.028260
4 0.778194 0.487906 0.144054 0.029276
5 0.205583 0.559055 0.200482 0.028640
5 0.781437 0.554242 0.139992 0.031584
5 0.150215 0.591010 0.087701 0.029912
5 0.270663 0.592210 0.120386 0.034872
5 0.796632 0.588437 0.122289 0.032504
2 0.167555 0.657214 0.126968 0.037261
2 0.794433 0.653670 0.148354 0.032768
5 0.161832 0.730625 0.130170 0.034974
5 0.795601 0.723518 0.172401 0.033032
5 0.185306 0.769405 0.181152 0.036605
5 0.809788 0.758897 0.150788 0.036321
