3 0.208683 0.550074 0.149578 0.029629
3 0.369392 0.553341 0.129813 0.026492
5 0.081281 0.550853 0.021230 0.029707
4 0.818052 0.560771 0.127419 0.030796
5 0.478245 0.630620 0.185081 0.032198
5 0.796430 0.636311 0.128868 0.034287
5 0.529553 0.666331 0.084047 0.028978
5 0.805609 0.673199 0.111909 0.033769
2 0.442888 0.754847 0.160499 0.057607
2 0.799694 0.760796 0.157921 0.063670
5 0.541005 0.809105 0.108949 0.029496
5 0.827790 0.813537 0.131583 0.034409
5 0.500171 0.850914 0.147184 0.033932
5 0.805186 0.852825 0.127219 0.035160
