3 0.223022 0.363454 0.089928 0.021687
3 0.356115 0.362651 0.143885 0.021687
3 0.482914 0.363454 0.080935 0.018474
3 0.228417 0.385944 0.089928 0.020080
3 0.336331 0.385542 0.100719 0.020884
5 0.109712 0.363052 0.032374 0.017671
4 0.666367 0.361446 0.160072 0.022490
3 0.217626 0.409237 0.100719 0.021687
3 0.306655 0.407229 0.062950 0.024096
3 0.428957 0.408032 0.152878 0.017671
3 0.314748 0.432129 0.233813 0.020884
5 0.115108 0.410843 0.043165 0.034538
4 0.662770 0.406426 0.167266 0.022490
3 0.223921 0.455823 0.106115 0.024900
3 0.315647 0.454618 0.077338 0.022490
3 0.429856 0.454618 0.143885 0.022490
3 0.312050 0.475904 0.239209 0.021687
5 0.119604 0.456627 0.034173 0.021687
4 0.669065 0.452209 0.169065 0.027309
3 0.238309 0.497189 0.124101 0.024096
3 0.340827 0.499197 0.066547 0.028112
3 0.408273 0.497590 0.057554 0.024900
3 0.494604 0.498394 0.089928 0.029719
3 0.312050 0.520482 0.257194 0.020884
5 0.118705 0.501205 0.028777 0.030522
4 0.669964 0.496386 0.156475 0.035341
3 0.232914 0.546185 0.131295 0.020884
3 0.350719 0.543775 0.079137 0.027309
3 0.472122 0.542972 0.127698 0.020884
3 0.317446 0.566667 0.246403 0.023293
5 0.122302 0.547791 0.032374 0.028916
4 0.691547 0.540562 0.152878 0.024096
3 0.248201 0.591165 0.151079 0.020884
3 0.378597 0.589558 0.084532 0.019277
3 0.483813 0.586345 0.107914 0.022490
3 0.318345 0.613655 0.237410 0.022490
5 0.121403 0.593173 0.030576 0.026506
4 0.677158 0.585141 0.160072 0.024900
3 0.224820 0.637751 0.100719 0.019277
3 0.355216 0.635341 0.124101 0.019277
5 0.127698 0.637349 0.046763 0.024900
4 0.689748 0.630522 0.142086 0.025703
5 0.529676 0.633333 0.138489 0.024900
3 0.214029 0.660241 0.079137 0.022490
3 0.309353 0.661044 0.082734 0.025703
5 0.120504 0.661847 0.028777 0.019277
4 0.693345 0.656627 0.145683 0.023293
5 0.464029 0.659438 0.147482 0.022490
3 0.226619 0.683936 0.104317 0.020080
5 0.128597 0.685944 0.044964 0.024096
4 0.694245 0.677912 0.143885 0.024096
3 0.229317 0.708434 0.098921 0.022490
3 0.334532 0.706426 0.086331 0.023293
5 0.121403 0.711245 0.030576 0.026506
4 0.695144 0.704418 0.149281 0.024096
5 0.485612 0.705622 0.143885 0.028112
3 0.226619 0.734538 0.097122 0.023293
3 0.331835 0.732129 0.077338 0.023293
5 0.120504 0.735341 0.028777 0.018474
4 0.695144 0.728112 0.152878 0.026506
5 0.228417 0.779920 0.118705 0.024096
5 0.684353 0.778313 0.178058 0.024096
5 0.287770 0.806426 0.230216 0.024096
5 0.705036 0.802410 0.158273 0.022490
5 0.253597 0.829719 0.147482 0.024096
5 0.708633 0.826908 0.158273 0.028112
5 0.278777 0.853815 0.197842 0.024096
5 0.694245 0.850602 0.176259 0.024096
5 0.267086 0.879518 0.170863 0.020884
5 0.446043 0.878715 0.143885 0.020884
5 0.706835 0.873494 0.154676 0.023293
5 0.220324 0.904418 0.070144 0.019277
5 0.317446 0.903614 0.077338 0.020884
5 0.708633 0.896386 0.154676 0.025703
2 0.232014 0.933333 0.093525 0.038554
2 0.542266 0.932129 0.429856 0.047390
