3 0.258621 0.446888 0.094828 0.022327
3 0.376437 0.448579 0.097701 0.025710
5 0.176724 0.446211 0.020115 0.020974
4 0.847701 0.448917 0.137931 0.025034
5 0.272270 0.478349 0.170977 0.027064
3 0.256466 0.509472 0.090517 0.021651
3 0.377874 0.510149 0.097701 0.023004
5 0.175287 0.508796 0.017241 0.021651
4 0.846983 0.511840 0.139368 0.023681
5 0.270833 0.538904 0.165230 0.023681
3 0.255747 0.565968 0.091954 0.022327
3 0.401580 0.565968 0.147989 0.025034
5 0.176724 0.566644 0.020115 0.022327
4 0.842672 0.567321 0.142241 0.022327
5 0.278017 0.595737 0.188218 0.023681
3 0.275144 0.627537 0.145115 0.022327
3 0.442529 0.627876 0.140805 0.025710
3 0.546695 0.626861 0.033046 0.026387
5 0.169540 0.625846 0.020115 0.024357
4 0.849856 0.629229 0.122126 0.024357
5 0.247845 0.689445 0.191092 0.025710
5 0.843391 0.689783 0.140805 0.022327
2 0.207615 0.720907 0.119253 0.023681
2 0.841236 0.720907 0.145115 0.025034
5 0.200431 0.779770 0.104885 0.026387
5 0.843391 0.778417 0.143678 0.025034
5 0.252874 0.813261 0.221264 0.027064
5 0.851293 0.809540 0.127874 0.029093
