5 0.164071 0.504349 0.024410 0.025414
3 0.275373 0.504426 0.178904 0.029018
4 0.813539 0.479045 0.135257 0.039675
5 0.268243 0.559789 0.165787 0.031500
5 0.822174 0.534187 0.135257 0.039675
5 0.222179 0.589279 0.068167 0.030015
5 0.303469 0.588617 0.071979 0.032157
5 0.838438 0.562285 0.117647 0.042938
2 0.290895 0.644804 0.199886 0.038576
2 0.782372 0.626167 0.245444 0.047300
5 0.234664 0.706474 0.094192 0.035452
5 0.840036 0.682230 0.160392 0.040912
5 0.255971 0.738763 0.131445 0.029126
5 0.857250 0.712500 0.138399 0.039829
