5 0.225952 0.504334 0.020833 0.020831
3 0.334168 0.500768 0.149527 0.026925
3 0.488996 0.500085 0.150038 0.025719
4 0.774181 0.501296 0.102216 0.028654
5 0.223277 0.531829 0.020833 0.020831
3 0.301070 0.529767 0.088564 0.023918
3 0.387351 0.528748 0.071646 0.023718
3 0.479628 0.530520 0.106081 0.029710
4 0.774889 0.528752 0.102216 0.028654
5 0.519066 0.583266 0.149527 0.026925
5 0.762772 0.583823 0.102216 0.028654
5 0.558716 0.611407 0.071646 0.023718
5 0.775383 0.613427 0.085298 0.028454
2 0.497743 0.675065 0.122813 0.040333
2 0.765223 0.678774 0.122931 0.044909
5 0.574967 0.716494 0.085180 0.023878
5 0.779791 0.718654 0.108983 0.028734
5 0.541899 0.746627 0.117953 0.028406
5 0.772041 0.746210 0.105600 0.028694
