5 0.118800 0.356103 0.038199 0.016097
3 0.192570 0.355699 0.091538 0.016564
3 0.294078 0.354880 0.089401 0.015232
3 0.385922 0.353712 0.073222 0.017245
3 0.452623 0.353511 0.040291 0.016115
5 0.545200 0.353797 0.122950 0.017891
4 0.718066 0.354262 0.107785 0.017758
5 0.154073 0.372183 0.038649 0.013999
5 0.235669 0.372373 0.107712 0.015656
5 0.165535 0.388581 0.058630 0.017327
5 0.174006 0.408238 0.071749 0.018755
5 0.246455 0.408216 0.056538 0.017308
5 0.446135 0.449921 0.069648 0.018474
5 0.746092 0.450975 0.023070 0.017015
5 0.406213 0.469810 0.148088 0.019162
5 0.705389 0.470726 0.103161 0.020081
2 0.429069 0.489462 0.100987 0.017698
2 0.704709 0.490302 0.103116 0.018767
5 0.428366 0.509695 0.100987 0.017698
5 0.707162 0.510038 0.106094 0.020114
5 0.420181 0.549577 0.118804 0.018905
5 0.749467 0.549574 0.023070 0.017015
