3 0.199638 0.471836 0.179735 0.028549
3 0.346200 0.472222 0.084439 0.024691
3 0.459590 0.472222 0.118215 0.024691
5 0.342581 0.504630 0.159228 0.027778
5 0.510253 0.503858 0.041013 0.023148
4 0.763571 0.505401 0.166466 0.029321
3 0.197829 0.536265 0.178528 0.026235
3 0.418577 0.535494 0.234017 0.024691
5 0.332931 0.568673 0.178528 0.026235
5 0.510253 0.567901 0.041013 0.021605
4 0.755127 0.569444 0.185766 0.029321
3 0.193607 0.601852 0.182147 0.029321
3 0.360676 0.599537 0.123040 0.024691
3 0.484922 0.600309 0.101327 0.024691
5 0.338963 0.635031 0.161641 0.029321
5 0.510253 0.633488 0.041013 0.023148
4 0.766586 0.637346 0.170084 0.032407
3 0.191194 0.668596 0.184560 0.031636
3 0.359469 0.667438 0.120627 0.026235
5 0.335344 0.701389 0.164053 0.029321
5 0.509047 0.700617 0.043426 0.024691
4 0.769602 0.705247 0.168878 0.030864
5 0.146562 0.770448 0.104946 0.030093
5 0.264174 0.768519 0.098914 0.024691
5 0.518697 0.769290 0.024125 0.026235
2 0.153800 0.837963 0.124246 0.030864
2 0.720748 0.841821 0.189385 0.033951
5 0.133896 0.872299 0.091677 0.031636
5 0.180338 0.905093 0.182147 0.032407
5 0.800965 0.913966 0.197829 0.047068
5 0.161037 0.942515 0.145959 0.028549
5 0.801568 0.952160 0.194210 0.052469
