5 0.131667 0.389106 0.027754 0.026250
3 0.210128 0.389325 0.095351 0.025588
3 0.330867 0.387519 0.115644 0.026111
4 0.853885 0.379824 0.138386 0.029080
5 0.133584 0.419599 0.030011 0.026277
3 0.211450 0.418681 0.095463 0.027049
3 0.333862 0.416092 0.116846 0.029563
4 0.854614 0.408042 0.133872 0.029027
5 0.133204 0.448594 0.023240 0.026197
3 0.212199 0.447662 0.095463 0.027049
3 0.406864 0.445366 0.264566 0.031981
4 0.855402 0.438549 0.136168 0.030579
5 0.136229 0.478311 0.023200 0.024671
3 0.201741 0.480208 0.078483 0.033521
3 0.323520 0.474576 0.136089 0.027528
4 0.856092 0.465242 0.133832 0.027501
5 0.132483 0.508108 0.023161 0.023146
3 0.201322 0.507296 0.075150 0.026809
3 0.300629 0.506124 0.093206 0.027022
4 0.856879 0.495748 0.136129 0.029053
5 0.256967 0.563856 0.188040 0.029666
5 0.850457 0.553041 0.156402 0.027768
5 0.248786 0.596757 0.165430 0.027874
5 0.867559 0.581448 0.132684 0.031275
5 0.223113 0.629865 0.123794 0.036507
5 0.392834 0.623285 0.185783 0.029639
5 0.868882 0.610803 0.136089 0.027528
2 0.277699 0.689108 0.229814 0.036995
2 0.769566 0.677202 0.306551 0.040951
