5 0.075361 0.546771 0.022448 0.025049
3 0.186799 0.548141 0.142704 0.030137
3 0.326029 0.548924 0.119722 0.027789
4 0.729824 0.551663 0.123463 0.028571
5 0.425441 0.622505 0.172100 0.030137
5 0.714858 0.625245 0.125601 0.031703
5 0.472207 0.660274 0.077499 0.028180
5 0.724212 0.662035 0.102619 0.031703
2 0.401390 0.745401 0.150722 0.055186
2 0.720738 0.748728 0.159808 0.061840
5 0.491448 0.799804 0.099947 0.030137
5 0.749332 0.803718 0.120791 0.031703
5 0.453768 0.840900 0.138963 0.030137
5 0.730893 0.843053 0.125601 0.033659
