3 0.299521 0.441276 0.061073 0.024705
5 0.181375 0.441250 0.011200 0.020962
4 0.721490 0.439517 0.076830 0.026797
3 0.298417 0.466323 0.062109 0.025489
3 0.382209 0.466477 0.090049 0.026224
3 0.471880 0.465029 0.075865 0.023140
5 0.180057 0.465979 0.010697 0.022356
4 0.716340 0.464503 0.090102 0.025837
5 0.268268 0.492157 0.090618 0.027381
5 0.718299 0.489598 0.093192 0.028150
5 0.245584 0.517679 0.048423 0.026058
5 0.303629 0.517669 0.042296 0.024449
5 0.726169 0.514527 0.081490 0.026968
2 0.292528 0.578203 0.155834 0.046998
2 0.681619 0.578916 0.192476 0.050823
5 0.258362 0.624677 0.097745 0.047492
5 0.402535 0.625179 0.149707 0.048593
5 0.680017 0.624514 0.189368 0.049377
