3 0.137101 0.560850 0.077112 0.021398
3 0.210060 0.560142 0.067624 0.022801
5 0.528100 0.557129 0.017594 0.019036
4 0.826027 0.557599 0.120595 0.025504
3 0.142759 0.601545 0.091027 0.022856
3 0.251468 0.602683 0.119922 0.025070
5 0.529611 0.598115 0.018328 0.018700
4 0.830383 0.598748 0.113199 0.025745
5 0.168010 0.651646 0.133235 0.022009
5 0.831888 0.647717 0.116890 0.023645
5 0.174265 0.693863 0.145933 0.023944
5 0.866027 0.690135 0.049780 0.025790
2 0.176197 0.734839 0.151162 0.028322
2 0.822057 0.729996 0.143106 0.032295
5 0.147169 0.777771 0.097952 0.023086
5 0.837254 0.772132 0.118582 0.027318
5 0.193341 0.818702 0.186305 0.027607
5 0.883717 0.813944 0.025907 0.019700
