3 0.121250 0.475769 0.077482 0.026775
3 0.184052 0.471596 0.023352 0.023150
3 0.285574 0.467383 0.163285 0.034379
5 0.534547 0.456742 0.037252 0.023521
5 0.647803 0.452674 0.101085 0.028491
4 0.841261 0.443977 0.103051 0.027120
5 0.167237 0.499829 0.094597 0.026708
5 0.281402 0.494261 0.108874 0.031647
5 0.538755 0.482445 0.038146 0.023872
5 0.165818 0.527684 0.094597 0.027445
5 0.274736 0.523480 0.092483 0.025130
5 0.544168 0.509964 0.039513 0.021155
5 0.167643 0.556859 0.096858 0.028285
5 0.285470 0.551111 0.112414 0.030430
5 0.399978 0.544042 0.092927 0.028182
5 0.550073 0.537484 0.039366 0.023418
5 0.166372 0.586557 0.097154 0.028388
5 0.278534 0.582567 0.096710 0.023965
5 0.368664 0.575947 0.057315 0.026274
5 0.554085 0.566530 0.041479 0.024104
5 0.166615 0.616941 0.098646 0.029966
5 0.315686 0.608909 0.169773 0.036163
5 0.558209 0.597076 0.039144 0.024841
5 0.113630 0.685448 0.069087 0.032534
5 0.207570 0.679385 0.098750 0.034080
5 0.886648 0.642547 0.103494 0.031544
2 0.506912 0.726273 0.095653 0.031080
2 0.613347 0.718117 0.093540 0.030977
2 0.893310 0.703717 0.104255 0.032967
5 0.219027 0.809964 0.055793 0.032070
5 0.312020 0.805427 0.097767 0.031183
5 0.404411 0.800178 0.062747 0.032224
5 0.476957 0.792934 0.060633 0.032121
5 0.899443 0.764913 0.104403 0.034441
5 0.941117 0.846972 0.032936 0.022980
5 0.614673 0.874383 0.113322 0.033328
