3 0.297978 0.494820 0.089306 0.035575
3 0.355271 0.500766 0.025547 0.021859
4 0.793382 0.559154 0.085734 0.034152
3 0.287286 0.518501 0.088990 0.034551
3 0.344421 0.524960 0.026180 0.023908
4 0.783164 0.581299 0.098757 0.035746
3 0.276910 0.541158 0.088040 0.031477
3 0.356678 0.550917 0.071761 0.029485
3 0.431561 0.560079 0.084785 0.031078
3 0.501720 0.568131 0.055166 0.026468
4 0.781086 0.604439 0.102013 0.036144
5 0.276531 0.591622 0.131315 0.039729
5 0.772726 0.653395 0.102646 0.038193
5 0.227606 0.613284 0.062943 0.031364
5 0.302490 0.622446 0.088990 0.034551
5 0.776210 0.680405 0.093511 0.039048
5 0.218975 0.668587 0.092878 0.036998
5 0.786593 0.734313 0.046348 0.028347
2 0.200664 0.695058 0.079222 0.033356
2 0.262682 0.702114 0.046348 0.028347
2 0.329268 0.710792 0.088990 0.034551
2 0.751370 0.760841 0.106851 0.041666
5 0.176432 0.751642 0.079222 0.033356
5 0.741948 0.818706 0.106534 0.040641
5 0.163460 0.813307 0.113408 0.042263
5 0.743423 0.876841 0.096721 0.038620
