3 0.097668 0.307299 0.088032 0.027581
3 0.219654 0.312419 0.152379 0.029724
3 0.342800 0.310154 0.095390 0.027390
5 0.402534 0.309564 0.025436 0.026292
5 0.114153 0.336291 0.112700 0.030734
4 0.515687 0.321253 0.108983 0.028734
3 0.095834 0.366254 0.088062 0.031013
3 0.208058 0.368369 0.131036 0.028206
3 0.351427 0.367509 0.152320 0.030868
5 0.067797 0.394801 0.030452 0.028620
5 0.142477 0.396576 0.103229 0.024044
4 0.515502 0.379616 0.105541 0.026406
3 0.095279 0.424628 0.088682 0.028494
3 0.190374 0.424644 0.104950 0.026238
3 0.318684 0.426323 0.152911 0.025168
5 0.410070 0.425490 0.020892 0.023119
5 0.111273 0.454192 0.112367 0.028774
4 0.515316 0.437980 0.108983 0.028734
3 0.092556 0.482449 0.092399 0.029869
3 0.243657 0.486486 0.211533 0.030908
3 0.092507 0.513919 0.092065 0.028534
5 0.151380 0.513380 0.027098 0.027456
5 0.222313 0.514118 0.109966 0.027590
4 0.516851 0.497467 0.108983 0.028734
2 0.084247 0.587254 0.078531 0.028374
2 0.170528 0.586236 0.088682 0.028494
2 0.516185 0.602754 0.115750 0.028814
5 0.123537 0.634291 0.163365 0.031299
5 0.250865 0.635084 0.096462 0.029724
5 0.096760 0.678654 0.105600 0.028694
5 0.516855 0.694293 0.112367 0.028774
5 0.136046 0.758294 0.193573 0.029732
5 0.559038 0.755018 0.031131 0.026671
