5 0.095403 0.511198 0.024553 0.032311
3 0.172524 0.511535 0.090615 0.038730
3 0.320792 0.513854 0.183970 0.038764
4 0.689528 0.512477 0.143218 0.037238
5 0.096033 0.552402 0.021164 0.032271
3 0.170627 0.552136 0.082231 0.035278
4 0.689340 0.552527 0.143298 0.038285
5 0.227869 0.632915 0.204305 0.039004
5 0.686422 0.632596 0.149937 0.039446
2 0.169186 0.673419 0.085620 0.035318
2 0.686205 0.673790 0.150076 0.038365
5 0.181679 0.714763 0.105956 0.035558
5 0.685140 0.714973 0.150076 0.038365
5 0.204013 0.768810 0.153939 0.056709
5 0.685385 0.771049 0.167910 0.072884
5 0.126634 0.843997 0.127839 0.036921
5 0.242615 0.849369 0.078782 0.032950
5 0.596768 0.854686 0.034662 0.030143
5 0.667974 0.854381 0.082172 0.032990
5 0.384936 0.852190 0.031273 0.030103
5 0.467945 0.854312 0.102508 0.033230
