5 0.060520 0.693499 0.024276 0.029463
3 0.173929 0.692290 0.095449 0.036352
3 0.243351 0.690421 0.031043 0.029565
3 0.317849 0.688628 0.105600 0.036504
3 0.442240 0.688312 0.126264 0.040352
3 0.564909 0.689426 0.112367 0.036606
4 0.756170 0.687930 0.136111 0.039872
5 0.056486 0.725466 0.024276 0.029463
3 0.161436 0.724131 0.078531 0.036098
3 0.269770 0.722846 0.125901 0.036809
4 0.766487 0.721569 0.112700 0.039099
5 0.052453 0.757434 0.024276 0.029463
3 0.147252 0.755946 0.051462 0.035691
3 0.216616 0.756987 0.081915 0.036149
3 0.326641 0.755728 0.125901 0.036809
4 0.767500 0.754341 0.116084 0.040504
5 0.050053 0.792338 0.020892 0.029412
3 0.146544 0.790875 0.058230 0.035793
3 0.278562 0.789946 0.166504 0.037419
3 0.417348 0.789118 0.098833 0.036403
3 0.522269 0.789238 0.098892 0.039313
4 0.757487 0.789858 0.136111 0.039872
5 0.115579 0.857378 0.177047 0.041045
5 0.757048 0.853180 0.136415 0.040250
5 0.071730 0.891659 0.081915 0.036149
5 0.161454 0.890095 0.092065 0.036301
5 0.766593 0.882440 0.112759 0.037644
5 0.793445 0.935981 0.044518 0.026857
5 0.122876 0.956484 0.180038 0.037622
2 0.748051 0.962960 0.126412 0.033075
2 0.086728 0.984846 0.108924 0.030309
5 0.744225 0.983373 0.129854 0.033253
5 0.154744 0.996097 0.234686 0.007807
