5 0.218750 0.466821 0.020833 0.023148
3 0.271991 0.466049 0.062500 0.024691
3 0.332176 0.466049 0.043981 0.024691
3 0.392361 0.466049 0.057870 0.024691
3 0.490741 0.465278 0.125000 0.026235
3 0.609954 0.464506 0.090278 0.024691
4 0.773148 0.465278 0.106481 0.026235
5 0.218750 0.495370 0.025463 0.024691
3 0.288194 0.494599 0.094907 0.026235
3 0.391204 0.493056 0.092593 0.026235
4 0.775463 0.494599 0.106481 0.026235
2 0.329861 0.562500 0.182870 0.050926
2 0.723380 0.562500 0.219907 0.050926
5 0.278935 0.597994 0.081019 0.026235
5 0.775463 0.596451 0.111111 0.026235
5 0.345486 0.636188 0.228009 0.056327
5 0.728009 0.636574 0.215278 0.050926
