3 0.185818 0.718796 0.199428 0.042496
3 0.331435 0.721226 0.065512 0.034440
5 0.337172 0.771176 0.124498 0.038704
5 0.487444 0.774981 0.045112 0.035616
4 0.769078 0.777673 0.137989 0.043799
3 0.199821 0.819985 0.238427 0.044480
3 0.364039 0.827830 0.069111 0.045514
3 0.459556 0.826022 0.104511 0.040877
5 0.381390 0.876723 0.027111 0.039136
5 0.484108 0.879748 0.045351 0.040069
4 0.823944 0.894908 0.031671 0.039369
5 0.122338 0.975100 0.104630 0.043103
5 0.237596 0.978637 0.102350 0.042727
5 0.493073 0.984992 0.029391 0.030017
