5 0.177387 0.612916 0.016758 0.019509
3 0.260897 0.610918 0.117922 0.022857
3 0.358579 0.609551 0.061226 0.019955
4 0.622087 0.609232 0.095007 0.023388
5 0.180882 0.639201 0.022242 0.022659
3 0.262417 0.638770 0.109900 0.025858
3 0.366449 0.634263 0.075413 0.021696
4 0.618891 0.636972 0.111319 0.026298
5 0.277409 0.688150 0.152903 0.030907
5 0.615018 0.687101 0.111201 0.024324
5 0.267955 0.742083 0.131938 0.029917
5 0.382708 0.737418 0.082856 0.027122
5 0.634856 0.739551 0.077513 0.025524
5 0.238448 0.769853 0.087447 0.028711
5 0.607961 0.765357 0.130113 0.026061
5 0.255335 0.807970 0.126470 0.051504
5 0.615177 0.803216 0.121386 0.046778
5 0.401964 0.882392 0.082880 0.024787
5 0.133322 0.901331 0.098274 0.031167
5 0.227036 0.893808 0.062486 0.028494
5 0.336669 0.886516 0.027656 0.023486
