5 0.112419 0.531759 0.021446 0.026610
3 0.216675 0.531955 0.162771 0.034839
3 0.339407 0.532607 0.065352 0.032435
4 0.762073 0.538283 0.124491 0.034956
5 0.213742 0.591301 0.162771 0.034839
5 0.761660 0.597692 0.129413 0.038758
5 0.163507 0.620959 0.072070 0.032601
5 0.244248 0.620575 0.065352 0.032435
5 0.770271 0.627613 0.109140 0.035887
2 0.229499 0.680818 0.196482 0.038042
2 0.705973 0.686634 0.235583 0.036968
5 0.167603 0.742274 0.092226 0.033098
5 0.764288 0.748680 0.129296 0.036384
5 0.183684 0.774163 0.130682 0.037529
5 0.764384 0.780768 0.126054 0.038675
