3 0.171577 0.373361 0.090121 0.019324
3 0.259965 0.374396 0.058925 0.020014
3 0.359619 0.375776 0.112652 0.021394
3 0.486135 0.375776 0.105719 0.020014
5 0.067591 0.373361 0.027730 0.017943
4 0.675043 0.377157 0.185442 0.021394
5 0.285095 0.397516 0.254766 0.020704
3 0.183709 0.418565 0.107452 0.018634
3 0.287695 0.418910 0.058925 0.017943
3 0.426343 0.419600 0.187175 0.019324
5 0.068458 0.418565 0.025997 0.017253
4 0.673310 0.420980 0.171577 0.019324
5 0.288562 0.440649 0.261698 0.017253
3 0.181109 0.462733 0.109185 0.020014
3 0.285095 0.464113 0.067591 0.018634
3 0.412478 0.464458 0.159445 0.017943
5 0.066724 0.463423 0.022530 0.017253
4 0.671577 0.465839 0.175043 0.020704
5 0.282496 0.485852 0.253033 0.019324
3 0.194974 0.508282 0.140381 0.018634
3 0.360485 0.508282 0.159445 0.018634
3 0.483536 0.507937 0.058925 0.019324
5 0.066724 0.507937 0.022530 0.017943
4 0.679376 0.508972 0.159445 0.024155
5 0.281629 0.530021 0.258232 0.019324
3 0.191508 0.552795 0.143847 0.017943
3 0.295494 0.552795 0.032929 0.017943
3 0.396014 0.552450 0.133449 0.020014
5 0.065858 0.552450 0.024263 0.017253
4 0.682842 0.554175 0.152513 0.020704
5 0.280763 0.575224 0.263432 0.021394
3 0.205373 0.597308 0.161179 0.020014
3 0.381282 0.596273 0.162912 0.020704
3 0.493934 0.596618 0.038128 0.017253
5 0.062392 0.597308 0.020797 0.017253
4 0.672444 0.599034 0.176776 0.023464
5 0.202773 0.620773 0.110919 0.020014
5 0.343154 0.619393 0.138648 0.017253
3 0.214905 0.642857 0.194107 0.018634
3 0.355286 0.641822 0.065858 0.020704
5 0.061525 0.642857 0.039861 0.017253
4 0.682842 0.643892 0.159445 0.022084
5 0.507799 0.643547 0.152513 0.022774
3 0.278163 0.665631 0.268631 0.020014
5 0.060659 0.665286 0.038128 0.019324
3 0.174177 0.688406 0.112652 0.021394
3 0.315425 0.688406 0.135182 0.020014
5 0.058925 0.688751 0.034662 0.017943
4 0.684575 0.690131 0.162912 0.023464
5 0.508666 0.689786 0.157712 0.022774
3 0.163778 0.711180 0.091854 0.021394
3 0.263432 0.710835 0.090121 0.019324
5 0.058059 0.711180 0.029463 0.018634
4 0.691508 0.713596 0.173310 0.019324
5 0.433276 0.712905 0.159445 0.022084
3 0.176776 0.733264 0.114385 0.022774
3 0.293761 0.733609 0.084922 0.020704
5 0.056326 0.732919 0.025997 0.019324
4 0.681976 0.735335 0.154246 0.020014
5 0.458406 0.734645 0.150780 0.022774
5 0.172444 0.780883 0.102253 0.017253
5 0.671577 0.782264 0.192374 0.024155
5 0.237435 0.802968 0.242634 0.021394
5 0.672444 0.804693 0.180243 0.022084
5 0.199307 0.824017 0.162912 0.020704
5 0.682842 0.827467 0.162912 0.022084
5 0.223570 0.847136 0.214905 0.021394
5 0.672444 0.849896 0.183709 0.022774
5 0.212305 0.870600 0.188908 0.021394
5 0.402946 0.870600 0.161179 0.018634
5 0.681976 0.873016 0.161179 0.023464
5 0.163778 0.892685 0.088388 0.022774
5 0.263432 0.892340 0.072790 0.017943
5 0.684575 0.895445 0.159445 0.022774
2 0.171577 0.923395 0.117851 0.038647
2 0.506066 0.925121 0.467938 0.042098
