3 0.274681 0.607031 0.128920 0.039062
3 0.423345 0.612109 0.133566 0.035156
3 0.518002 0.610156 0.016260 0.035937
3 0.568525 0.610938 0.068525 0.034375
3 0.614402 0.609766 0.016260 0.038281
4 0.822880 0.608594 0.147503 0.032813
5 0.151568 0.609375 0.070848 0.035937
5 0.207898 0.692578 0.195122 0.038281
5 0.822880 0.691797 0.163763 0.041406
2 0.170732 0.739062 0.123113 0.034375
2 0.829849 0.739453 0.149826 0.036719
5 0.182346 0.825781 0.153310 0.037500
5 0.359466 0.825000 0.154472 0.034375
5 0.483740 0.820703 0.056911 0.047656
5 0.832753 0.824609 0.155633 0.038281
