3 0.195224 0.454267 0.115517 0.026795
3 0.289056 0.457777 0.065067 0.023582
3 0.365716 0.460812 0.081174 0.025843
5 0.150284 0.485769 0.014617 0.020369
5 0.283038 0.490358 0.088122 0.027850
4 0.690419 0.505287 0.097281 0.028104
5 0.184838 0.534028 0.152150 0.027810
5 0.687035 0.556133 0.099570 0.028168
2 0.204263 0.600970 0.194387 0.032554
2 0.683385 0.626074 0.100635 0.031770
5 0.173052 0.645588 0.133834 0.027302
5 0.673133 0.677185 0.114292 0.032996
5 0.196691 0.694454 0.185639 0.026976
5 0.677803 0.726890 0.098266 0.029889
