5 0.308819 0.564120 0.029536 0.018362
5 0.349055 0.562951 0.040699 0.019792
3 0.432107 0.561061 0.071492 0.018590
3 0.496964 0.559570 0.047971 0.019566
4 0.698330 0.561754 0.129349 0.023053
5 0.348721 0.585438 0.042382 0.018530
5 0.388927 0.582984 0.027853 0.019624
5 0.416332 0.582626 0.016720 0.019478
5 0.341920 0.606082 0.027823 0.018339
5 0.403994 0.604627 0.082663 0.020341
5 0.344601 0.647476 0.109204 0.024525
5 0.701167 0.646988 0.129453 0.028551
2 0.334395 0.715221 0.075376 0.024386
2 0.704375 0.711021 0.133720 0.028816
5 0.347439 0.760337 0.099295 0.025342
5 0.426754 0.754320 0.051862 0.021222
5 0.483213 0.751012 0.057790 0.023182
5 0.705609 0.754849 0.134171 0.031717
5 0.347740 0.782494 0.099739 0.025979
5 0.440987 0.776938 0.079237 0.020296
5 0.733346 0.777926 0.077056 0.023427
