5 0.028429 0.728458 0.020399 0.027257
3 0.227648 0.721864 0.115885 0.031067
3 0.369141 0.722743 0.134983 0.028722
3 0.543186 0.724502 0.180990 0.031653
4 0.787760 0.726553 0.138889 0.028722
5 0.032335 0.762309 0.020399 0.027550
3 0.231337 0.755275 0.114583 0.028722
3 0.338759 0.754689 0.066406 0.027550
3 0.435981 0.755862 0.090712 0.027550
3 0.576606 0.757913 0.157552 0.028722
4 0.786892 0.759086 0.137153 0.028722
5 0.035807 0.796014 0.020399 0.027550
3 0.222005 0.788980 0.088976 0.028722
3 0.329427 0.787222 0.088542 0.027550
3 0.435981 0.787222 0.090712 0.027550
3 0.533203 0.789713 0.066406 0.027257
4 0.784939 0.792057 0.138455 0.030774
5 0.039714 0.829719 0.020399 0.027550
3 0.267361 0.821805 0.177951 0.033411
3 0.437717 0.820340 0.131510 0.028722
3 0.555339 0.822978 0.066406 0.028722
4 0.782118 0.824736 0.135417 0.029894
5 0.183160 0.857268 0.135417 0.032239
5 0.769314 0.856682 0.157552 0.028722
5 0.154514 0.890973 0.068576 0.027550
5 0.239800 0.888482 0.072483 0.031360
5 0.313585 0.886577 0.046441 0.026377
5 0.781250 0.888628 0.129340 0.027550
5 0.155382 0.924678 0.066840 0.027550
5 0.245009 0.921454 0.068142 0.031067
5 0.776693 0.918523 0.131510 0.027550
2 0.235894 0.984320 0.208767 0.031360
2 0.690538 0.975967 0.289931 0.030481
