3 0.259916 0.584774 0.173231 0.028707
3 0.382348 0.582506 0.054719 0.022597
5 0.389848 0.611416 0.102195 0.026306
5 0.516220 0.609101 0.036663 0.022378
4 0.743691 0.609087 0.108913 0.026126
3 0.276103 0.644540 0.207047 0.033035
3 0.414889 0.641682 0.056982 0.027566
3 0.494379 0.638367 0.086357 0.024547
5 0.430803 0.668923 0.020904 0.023754
5 0.517677 0.667086 0.036663 0.022378
4 0.790931 0.670044 0.023121 0.022214
5 0.217568 0.740875 0.091940 0.030046
5 0.317351 0.736138 0.084100 0.024520
5 0.528222 0.727312 0.023161 0.023781
2 0.225350 0.803101 0.108789 0.032588
2 0.720573 0.790044 0.107784 0.026937
5 0.208666 0.835825 0.078437 0.028314
5 0.250041 0.865108 0.159532 0.032433
5 0.789324 0.853086 0.108932 0.027720
5 0.233980 0.899399 0.123577 0.028105
5 0.790082 0.883645 0.108952 0.027720
