3 0.253135 0.469098 0.085316 0.024089
3 0.331410 0.469672 0.073427 0.025222
3 0.391243 0.473748 0.045507 0.026296
3 0.486329 0.475266 0.138947 0.026241
5 0.307493 0.506629 0.013362 0.020216
5 0.450951 0.508924 0.110299 0.025693
4 0.648554 0.509654 0.110727 0.026020
3 0.248318 0.551970 0.088695 0.024586
3 0.329921 0.553631 0.072644 0.022129
3 0.390833 0.556957 0.050767 0.029417
3 0.452719 0.556814 0.074385 0.023736
3 0.519245 0.556433 0.052595 0.024973
5 0.305206 0.589389 0.015044 0.020270
5 0.449709 0.591912 0.109952 0.024453
4 0.645405 0.593163 0.109893 0.025305
5 0.257679 0.655133 0.079851 0.023913
5 0.638284 0.659058 0.119172 0.024826
5 0.280861 0.687770 0.124535 0.023824
5 0.672918 0.694974 0.051261 0.022990
5 0.239944 0.723394 0.053001 0.024598
5 0.644593 0.731393 0.108581 0.025686
2 0.251930 0.762670 0.090782 0.024265
2 0.339057 0.762953 0.081606 0.025909
2 0.637080 0.768866 0.120810 0.026046
5 0.241637 0.867921 0.078242 0.025801
5 0.326002 0.868893 0.084652 0.023325
5 0.634937 0.869915 0.120824 0.026032
5 0.254405 0.908777 0.106958 0.024575
5 0.668285 0.912213 0.050840 0.022977
