5 0.110532 0.398047 0.019676 0.030469
3 0.203704 0.396875 0.115741 0.031250
3 0.395255 0.398438 0.232639 0.034375
3 0.583333 0.397656 0.120370 0.034375
4 0.844907 0.400391 0.134259 0.035156
5 0.112269 0.435937 0.023148 0.031250
3 0.179977 0.435547 0.079861 0.035156
3 0.339699 0.435156 0.218750 0.035937
4 0.842593 0.435156 0.141204 0.039062
5 0.111690 0.474609 0.019676 0.030469
3 0.215278 0.473438 0.143519 0.031250
3 0.374421 0.472656 0.144676 0.034375
3 0.518519 0.471875 0.115741 0.031250
4 0.844329 0.473047 0.140046 0.038281
2 0.255208 0.563672 0.248843 0.066406
2 0.774884 0.563672 0.276620 0.072656
5 0.192130 0.609766 0.104167 0.035156
5 0.839120 0.606641 0.148148 0.036719
5 0.280671 0.657031 0.302083 0.065625
5 0.789931 0.660156 0.239583 0.067187
