5 0.433673 0.504547 0.020005 0.028879
3 0.454501 0.517232 0.038667 0.039227
3 0.479808 0.535842 0.037623 0.036055
3 0.514820 0.559375 0.050314 0.045735
4 0.685699 0.681549 0.055838 0.050409
5 0.432331 0.528669 0.025678 0.027709
5 0.428153 0.548033 0.040012 0.037724
5 0.404490 0.555798 0.023140 0.027877
3 0.421884 0.569651 0.036428 0.037891
3 0.450551 0.588177 0.039414 0.040896
3 0.485189 0.613881 0.049865 0.046236
4 0.656292 0.737139 0.059719 0.054749
5 0.406806 0.583257 0.039116 0.038726
5 0.392475 0.596780 0.028366 0.032049
5 0.383222 0.638012 0.063004 0.056751
5 0.613749 0.813263 0.058226 0.052078
2 0.364412 0.650200 0.046282 0.043733
2 0.603300 0.831961 0.058226 0.052078
5 0.580014 0.874864 0.060614 0.062428
5 0.332843 0.726824 0.074499 0.072109
5 0.566281 0.904996 0.055836 0.051245
