5 0.113199 0.273306 0.127447 0.037349
5 0.248822 0.266889 0.131757 0.037506
3 0.093456 0.312163 0.086398 0.034372
3 0.201126 0.307508 0.108057 0.036646
3 0.321668 0.301639 0.112366 0.036802
4 0.732733 0.280349 0.138107 0.042843
5 0.116803 0.349456 0.127447 0.037349
5 0.253503 0.343000 0.129602 0.037427
3 0.098137 0.388274 0.088553 0.034451
3 0.205808 0.383619 0.110211 0.036724
3 0.335024 0.378183 0.127560 0.038841
4 0.740816 0.358973 0.134024 0.039075
5 0.080548 0.427052 0.047504 0.031474
5 0.167807 0.423886 0.110211 0.036724
3 0.131905 0.463329 0.148880 0.036639
3 0.270760 0.456796 0.112479 0.038294
4 0.760861 0.438266 0.119055 0.040020
5 0.190802 0.499333 0.187775 0.039538
5 0.754640 0.477007 0.137143 0.041352
2 0.163817 0.578088 0.126483 0.038802
2 0.767627 0.556181 0.144910 0.040958
5 0.166809 0.617616 0.130679 0.037467
5 0.331149 0.612401 0.174847 0.039069
5 0.821477 0.596854 0.069388 0.036730
2 0.223468 0.737835 0.152563 0.037581
2 0.357701 0.734833 0.088779 0.037434
2 0.782854 0.721651 0.139410 0.043667
5 0.173248 0.781161 0.127447 0.037349
5 0.787744 0.764849 0.136291 0.040645
5 0.159061 0.821707 0.092880 0.034948
5 0.299814 0.819197 0.171841 0.037538
5 0.802699 0.805438 0.116788 0.038450
5 0.202451 0.860495 0.174335 0.035457
5 0.408548 0.857131 0.219467 0.039258
5 0.806399 0.847184 0.118317 0.037154
