3 0.179960 0.470289 0.106670 0.035387
3 0.324204 0.470360 0.158959 0.034957
4 0.830011 0.475799 0.157468 0.035981
5 0.518236 0.508744 0.246663 0.037715
5 0.317832 0.545286 0.395644 0.039079
5 0.831992 0.550995 0.159033 0.041641
5 0.158998 0.585464 0.084591 0.036955
5 0.261477 0.584186 0.080878 0.036835
5 0.841678 0.590307 0.133046 0.040801
2 0.181774 0.624052 0.136759 0.040921
2 0.829090 0.628900 0.159033 0.041641
5 0.212604 0.662338 0.206621 0.035790
5 0.818357 0.667553 0.181307 0.042360
5 0.187273 0.701656 0.162574 0.036221
5 0.828043 0.706865 0.162745 0.041761
