3 0.291876 0.535583 0.136678 0.017840
3 0.383011 0.536824 0.042122 0.016469
3 0.429212 0.537000 0.047693 0.017987
3 0.467367 0.538869 0.029390 0.017769
5 0.338165 0.564664 0.016583 0.016165
5 0.497245 0.566836 0.117474 0.020987
4 0.712469 0.566452 0.114549 0.019944
3 0.295745 0.604968 0.147759 0.018870
3 0.395409 0.605374 0.053275 0.021508
3 0.459925 0.605770 0.078373 0.021764
5 0.337159 0.633521 0.018682 0.015028
5 0.525978 0.633016 0.054892 0.016621
4 0.735838 0.631098 0.053159 0.015439
5 0.285133 0.688608 0.085575 0.018438
5 0.707361 0.682998 0.112847 0.019924
5 0.303055 0.715119 0.127744 0.020101
5 0.737870 0.710522 0.053226 0.018053
5 0.268286 0.745744 0.056631 0.018093
5 0.714168 0.741015 0.098800 0.019757
2 0.280148 0.776685 0.093237 0.018529
2 0.373545 0.774266 0.091101 0.018213
2 0.705917 0.767986 0.114101 0.021957
5 0.275071 0.861135 0.087285 0.022789
5 0.367608 0.858433 0.097919 0.022049
5 0.710621 0.852024 0.115005 0.021111
5 0.285778 0.896880 0.110263 0.021626
5 0.743224 0.886494 0.054929 0.018073
