3 0.195643 0.455964 0.084497 0.029788
3 0.296958 0.442492 0.112257 0.034323
3 0.407320 0.426754 0.100849 0.033850
5 0.497271 0.414130 0.074298 0.031344
5 0.594067 0.400215 0.085596 0.030272
4 0.714596 0.383249 0.085751 0.029133
3 0.221810 0.480841 0.113397 0.033871
3 0.343401 0.463804 0.129858 0.038527
5 0.505758 0.442040 0.068103 0.028050
5 0.601535 0.427353 0.085057 0.027900
4 0.720788 0.410528 0.086063 0.030225
3 0.209448 0.509890 0.066357 0.025834
3 0.281260 0.499979 0.066425 0.026130
3 0.374433 0.487251 0.110645 0.033838
3 0.454353 0.476596 0.038800 0.023077
5 0.514343 0.467383 0.072038 0.028082
5 0.607728 0.454632 0.085596 0.027994
4 0.726445 0.438322 0.086824 0.028384
3 0.222081 0.534022 0.068146 0.028159
3 0.314013 0.521435 0.110422 0.033589
3 0.411861 0.508191 0.083782 0.027759
3 0.470196 0.501289 0.024506 0.020342
5 0.520937 0.493554 0.067430 0.027269
5 0.614289 0.480655 0.083782 0.027759
4 0.730914 0.464728 0.083782 0.027759
3 0.254643 0.553528 0.107468 0.030841
3 0.358295 0.539946 0.094853 0.027248
5 0.526737 0.518118 0.070582 0.027551
5 0.620524 0.504282 0.081947 0.026978
4 0.732073 0.489980 0.092505 0.027856
3 0.264934 0.571996 0.108832 0.026769
3 0.375198 0.558747 0.105053 0.028375
5 0.534659 0.539607 0.065684 0.022868
5 0.625271 0.528074 0.080403 0.025651
4 0.739559 0.512405 0.079128 0.025510
3 0.255901 0.594574 0.064207 0.021838
3 0.328899 0.586052 0.077159 0.024136
3 0.423997 0.575087 0.106261 0.028219
3 0.492746 0.567035 0.021060 0.017937
5 0.540646 0.560222 0.065953 0.024054
5 0.630823 0.549649 0.081409 0.024606
4 0.743221 0.535253 0.082305 0.026729
5 0.743112 0.587545 0.111453 0.030562
5 0.273015 0.644051 0.076355 0.026071
5 0.325579 0.637635 0.022537 0.018968
5 0.374342 0.632702 0.064409 0.022727
5 0.276813 0.670379 0.074655 0.025883
5 0.365603 0.660392 0.090561 0.024048
5 0.757849 0.613120 0.093826 0.030025
5 0.268219 0.697773 0.049425 0.024252
5 0.337706 0.690094 0.078303 0.029177
5 0.391792 0.683662 0.024977 0.022417
5 0.764679 0.640329 0.098501 0.030542
2 0.293305 0.743025 0.078055 0.026259
2 0.380506 0.732781 0.094049 0.029183
2 0.749729 0.679063 0.143049 0.053387
