5 0.536058 0.467601 0.014423 0.024518
3 0.129808 0.467163 0.108173 0.027145
3 0.247596 0.466287 0.096154 0.027145
4 0.883413 0.468039 0.110577 0.027145
5 0.670072 0.467163 0.111779 0.028897
5 0.102764 0.531961 0.063702 0.028897
5 0.191106 0.531961 0.096154 0.030648
5 0.884014 0.532399 0.109375 0.026270
2 0.481370 0.593695 0.099760 0.033275
2 0.587740 0.595009 0.088942 0.025394
2 0.888822 0.596322 0.111779 0.028021
5 0.197716 0.663748 0.087740 0.029772
5 0.892428 0.663748 0.111779 0.028021
5 0.579928 0.764886 0.109375 0.028897
5 0.898438 0.767075 0.114183 0.029772
