3 0.197861 0.476945 0.199643 0.034582
3 0.368093 0.474784 0.130125 0.038905
5 0.347594 0.514409 0.128342 0.034582
5 0.502674 0.515850 0.046346 0.031700
4 0.784314 0.514409 0.131907 0.034582
3 0.208556 0.556196 0.242424 0.037464
3 0.373440 0.558357 0.073084 0.041787
3 0.472371 0.557637 0.106952 0.034582
5 0.388592 0.597983 0.032086 0.034582
5 0.499109 0.599424 0.046346 0.031700
4 0.839572 0.602305 0.028520 0.031700
5 0.121212 0.688761 0.103387 0.037464
5 0.240642 0.688761 0.106952 0.037464
5 0.509804 0.693084 0.024955 0.034582
2 0.122995 0.780980 0.128342 0.037464
2 0.750446 0.786744 0.135472 0.037464
5 0.099822 0.827089 0.089127 0.037464
5 0.147059 0.875360 0.194296 0.038905
5 0.834225 0.881844 0.131907 0.037464
5 0.127451 0.920749 0.158645 0.046110
5 0.830660 0.916427 0.131907 0.031700
