3 0.279514 0.419676 0.163194 0.029888
3 0.449653 0.418431 0.170139 0.032379
3 0.593750 0.417186 0.097222 0.029888
5 0.130208 0.422167 0.024306 0.024907
4 0.812500 0.417186 0.138889 0.034869
5 0.128472 0.448319 0.020833 0.027397
5 0.272569 0.445828 0.149306 0.027397
5 0.416667 0.444583 0.131944 0.029888
5 0.869792 0.444583 0.031250 0.029888
3 0.260417 0.475716 0.125000 0.027397
3 0.376736 0.474471 0.100694 0.029888
3 0.512153 0.474471 0.149306 0.029888
5 0.128472 0.478207 0.020833 0.027397
4 0.815972 0.474471 0.138889 0.034869
5 0.187500 0.530511 0.159722 0.032379
5 0.276042 0.531756 0.031250 0.029888
5 0.817708 0.529265 0.135417 0.034869
2 0.157986 0.561644 0.107639 0.029888
2 0.819444 0.559153 0.138889 0.034869
5 0.146701 0.594645 0.092014 0.041096
5 0.247396 0.590909 0.109375 0.036115
5 0.375000 0.591532 0.138889 0.034869
5 0.672743 0.597136 0.168403 0.036115
5 0.817708 0.596513 0.128472 0.034869
