5 0.271093 0.633367 0.199952 0.046818
3 0.426918 0.634475 0.085599 0.047225
3 0.602860 0.630852 0.248249 0.047993
3 0.767607 0.630468 0.061223 0.046287
3 0.836417 0.629448 0.061146 0.043843
3 0.897433 0.629351 0.041202 0.043075
3 0.182686 0.675223 0.030123 0.042649
5 0.378113 0.721892 0.104744 0.050480
5 0.573425 0.719627 0.194796 0.051263
4 0.827596 0.715347 0.183832 0.052911
2 0.534270 0.800076 0.121902 0.041861
2 0.827831 0.795478 0.192041 0.053765
5 0.534539 0.844123 0.118683 0.043618
5 0.828197 0.836471 0.183909 0.048024
5 0.513016 0.875710 0.153146 0.041361
5 0.879092 0.875739 0.084076 0.048199
