5 0.225418 0.518208 0.025996 0.030799
3 0.338843 0.518000 0.156641 0.035368
3 0.497015 0.515261 0.129073 0.031997
4 0.836606 0.519208 0.164638 0.038485
5 0.224319 0.560154 0.026036 0.032325
3 0.337804 0.557658 0.156641 0.035368
3 0.509679 0.556605 0.151979 0.032264
4 0.838320 0.562713 0.163552 0.036973
5 0.223239 0.601338 0.026036 0.032325
3 0.338472 0.597718 0.158417 0.037099
3 0.494333 0.595334 0.124058 0.033658
4 0.837813 0.603904 0.164578 0.043034
5 0.360354 0.680753 0.208950 0.043417
5 0.835594 0.688559 0.171330 0.044586
2 0.300714 0.726971 0.087369 0.039502
2 0.835660 0.730137 0.171290 0.048373
5 0.362666 0.766980 0.211261 0.048006
5 0.898025 0.776254 0.032868 0.030879
5 0.312189 0.813311 0.105753 0.040815
5 0.832928 0.812117 0.170064 0.049095
5 0.454045 0.887053 0.030577 0.030853
5 0.536174 0.878847 0.105793 0.040065
5 0.305349 0.899820 0.092050 0.041790
5 0.668496 0.878866 0.032868 0.030879
5 0.742298 0.882012 0.084387 0.036001
5 0.173329 0.910110 0.142543 0.043466
