5 0.329518 0.651218 0.020482 0.022327
3 0.396386 0.649865 0.074699 0.020974
3 0.538554 0.648512 0.185542 0.022327
4 0.840964 0.649526 0.115663 0.023004
5 0.393373 0.702300 0.153012 0.028417
5 0.841566 0.703315 0.114458 0.022327
5 0.366867 0.730041 0.102410 0.028417
5 0.850000 0.730041 0.100000 0.023004
2 0.366867 0.755074 0.097590 0.027064
2 0.842771 0.756766 0.116867 0.026387
5 0.358434 0.808187 0.080723 0.023681
5 0.834337 0.809878 0.131325 0.027064
5 0.402410 0.833559 0.173494 0.029770
5 0.841566 0.835250 0.119277 0.025034
