5 0.261947 0.386143 0.016612 0.013456
3 0.339169 0.386951 0.055022 0.015045
3 0.417454 0.387627 0.091309 0.015056
4 0.696762 0.385951 0.067350 0.013958
5 0.259472 0.402732 0.014913 0.013681
3 0.333280 0.403452 0.042231 0.014918
3 0.404305 0.403838 0.089551 0.015145
3 0.470621 0.403665 0.029403 0.013583
4 0.690862 0.402090 0.080179 0.015294
5 0.462668 0.436268 0.043937 0.014935
5 0.522787 0.435673 0.066108 0.015154
5 0.690793 0.434494 0.082340 0.016282
5 0.453946 0.485443 0.082340 0.016282
5 0.517064 0.485302 0.029440 0.014791
5 0.547957 0.484392 0.018743 0.013477
5 0.697891 0.484963 0.071254 0.016172
2 0.519360 0.532192 0.067843 0.016138
2 0.692963 0.525758 0.088233 0.027698
5 0.526004 0.547118 0.058860 0.015083
5 0.693431 0.547880 0.084046 0.016299
5 0.284488 0.654215 0.020516 0.015670
5 0.339292 0.654156 0.078959 0.017215
