3 0.397709 0.437074 0.576005 0.049258
5 0.126312 0.462870 0.021027 0.022725
5 0.299633 0.469192 0.117498 0.032226
4 0.794071 0.486729 0.111958 0.026586
5 0.106031 0.514817 0.078796 0.027342
5 0.207887 0.518954 0.118683 0.028340
5 0.793888 0.536000 0.114251 0.028229
2 0.183695 0.594646 0.261573 0.035035
2 0.796191 0.613944 0.117498 0.031432
5 0.135482 0.649869 0.179583 0.032984
5 0.792851 0.671084 0.116545 0.029872
5 0.124367 0.707609 0.160786 0.029393
5 0.247275 0.712273 0.083228 0.027453
5 0.791212 0.727471 0.116467 0.028284
