3 0.255787 0.339506 0.090278 0.018519
3 0.342593 0.339506 0.069444 0.018519
3 0.413194 0.337963 0.057870 0.018519
5 0.572917 0.337191 0.016204 0.016975
4 0.712384 0.334105 0.107639 0.024691
3 0.300926 0.361883 0.182870 0.020062
3 0.450810 0.360725 0.103009 0.022377
5 0.574074 0.360340 0.013889 0.016975
4 0.713542 0.357253 0.105324 0.024691
3 0.239583 0.386574 0.062500 0.020062
3 0.321759 0.385031 0.092593 0.020062
5 0.574074 0.384259 0.013889 0.018519
4 0.707176 0.381944 0.122685 0.023148
3 0.269676 0.409722 0.122685 0.020062
5 0.575231 0.407407 0.016204 0.018519
4 0.708912 0.405478 0.123843 0.025463
3 0.305556 0.432099 0.206019 0.020062
5 0.576389 0.431327 0.013889 0.016975
4 0.717593 0.429784 0.106481 0.023148
3 0.282407 0.457562 0.157407 0.020062
5 0.238426 0.495370 0.064815 0.018519
5 0.312500 0.494599 0.074074 0.020062
5 0.714120 0.491512 0.127315 0.023148
5 0.260417 0.520833 0.113426 0.020062
5 0.723958 0.519290 0.112269 0.024691
5 0.232639 0.544753 0.057870 0.021605
5 0.726852 0.543981 0.106481 0.023148
5 0.269097 0.570988 0.137731 0.023148
5 0.770833 0.569444 0.023148 0.021605
2 0.256944 0.616512 0.115741 0.023148
2 0.722222 0.610340 0.129630 0.023148
5 0.237269 0.643519 0.081019 0.021605
5 0.724537 0.641975 0.129630 0.024691
5 0.284722 0.691358 0.180556 0.027778
5 0.776620 0.688272 0.025463 0.024691
