5 0.169104 0.260417 0.021938 0.027778
3 0.255027 0.261285 0.120658 0.038773
3 0.388026 0.265336 0.136197 0.036458
4 0.882541 0.263600 0.143510 0.038773
5 0.228062 0.297454 0.114260 0.031250
5 0.350548 0.300347 0.108775 0.031250
5 0.465265 0.301505 0.084095 0.028935
5 0.283821 0.332755 0.170932 0.032407
5 0.881627 0.333333 0.141682 0.038194
5 0.239488 0.366319 0.085923 0.028935
5 0.342779 0.367477 0.095064 0.033565
5 0.875686 0.368634 0.140768 0.035880
5 0.278793 0.436343 0.168190 0.030093
5 0.875686 0.439815 0.140768 0.034722
5 0.253199 0.471065 0.120658 0.034722
5 0.359232 0.472222 0.065814 0.027778
5 0.892139 0.476273 0.118830 0.035880
2 0.246801 0.506944 0.115174 0.034722
2 0.873857 0.511574 0.138940 0.037037
5 0.163620 0.506944 0.021938 0.027778
5 0.298903 0.578125 0.212066 0.028935
5 0.917733 0.583912 0.042048 0.028935
5 0.250914 0.613426 0.121572 0.038194
5 0.882084 0.618056 0.138940 0.037037
