3 0.232639 0.617270 0.090278 0.025671
3 0.357639 0.618436 0.118056 0.028005
3 0.527778 0.618436 0.173611 0.028005
3 0.750000 0.619603 0.229167 0.025671
3 0.939236 0.620770 0.114583 0.028005
5 0.232639 0.653442 0.020833 0.023337
5 0.553819 0.651109 0.170139 0.028005
4 0.913194 0.653442 0.166667 0.028005
2 0.114583 0.717620 0.145833 0.025671
2 0.314236 0.718786 0.197917 0.028005
2 0.798611 0.716453 0.166667 0.028005
5 0.121528 0.833139 0.138889 0.023337
5 0.772569 0.835473 0.190972 0.023337
5 0.157986 0.876313 0.184028 0.021004
5 0.774306 0.880980 0.159722 0.021004
