5 0.113161 0.201795 0.040316 0.027895
5 0.186891 0.200977 0.094390 0.033070
3 0.227206 0.227993 0.274219 0.035067
4 0.658890 0.226633 0.094327 0.030782
5 0.130852 0.256527 0.079878 0.028334
5 0.245943 0.255249 0.144616 0.029053
5 0.684788 0.252665 0.079878 0.028334
5 0.113591 0.283039 0.043975 0.030223
5 0.198111 0.282100 0.112310 0.030982
3 0.153907 0.310055 0.123100 0.031102
3 0.276191 0.308697 0.108713 0.030942
3 0.362508 0.307739 0.043975 0.030223
4 0.657490 0.306752 0.108713 0.030942
5 0.165450 0.337391 0.144679 0.031341
5 0.672630 0.334048 0.108713 0.030942
5 0.205766 0.364407 0.230997 0.032300
5 0.673383 0.361504 0.108713 0.030942
5 0.114806 0.392882 0.040378 0.030183
5 0.197528 0.391963 0.112310 0.030982
3 0.137139 0.420098 0.090730 0.030742
3 0.237843 0.418979 0.097924 0.030822
3 0.324161 0.418021 0.061958 0.030423
3 0.379908 0.417402 0.043975 0.030223
4 0.662271 0.415411 0.112373 0.033270
5 0.132529 0.448757 0.079878 0.028334
5 0.249418 0.447459 0.148338 0.033669
5 0.679240 0.443831 0.108713 0.030942
5 0.113533 0.477577 0.040378 0.030183
5 0.190859 0.476718 0.094327 0.030782
3 0.108923 0.506236 0.022333 0.027695
3 0.148453 0.504653 0.043975 0.030223
3 0.207797 0.503994 0.061958 0.030423
3 0.274334 0.503255 0.058361 0.030383
3 0.330080 0.502636 0.040378 0.030183
4 0.673585 0.499966 0.094390 0.033070
5 0.133085 0.534577 0.083537 0.030662
5 0.251772 0.533259 0.148276 0.031381
5 0.699545 0.528287 0.079941 0.030622
5 0.115855 0.562232 0.040378 0.030183
5 0.191384 0.561393 0.097924 0.030822
3 0.174185 0.590193 0.162725 0.033829
3 0.289276 0.588915 0.062021 0.032711
3 0.361207 0.588116 0.062021 0.032711
4 0.679536 0.585726 0.094453 0.035358
5 0.133610 0.619252 0.079941 0.030622
5 0.250498 0.617954 0.148276 0.031381
5 0.705528 0.615190 0.079941 0.030622
5 0.116411 0.648051 0.044038 0.032511
5 0.191971 0.648357 0.094327 0.030782
3 0.126188 0.676551 0.061958 0.030423
3 0.225093 0.675453 0.130293 0.031181
3 0.352772 0.674035 0.112435 0.035558
4 0.682820 0.672659 0.101686 0.035549
5 0.168364 0.705836 0.144679 0.031341
5 0.693558 0.703437 0.108776 0.033230
5 0.135013 0.735959 0.076219 0.026006
5 0.253700 0.734641 0.148276 0.031381
5 0.712326 0.731837 0.072748 0.030542
5 0.150184 0.764399 0.112373 0.033270
5 0.270669 0.763061 0.108776 0.033230
3 0.134784 0.793178 0.079941 0.030622
3 0.228326 0.793284 0.094390 0.033070
4 0.685186 0.791644 0.094453 0.035358
5 0.135600 0.822922 0.079941 0.030622
5 0.253419 0.822186 0.152101 0.031518
5 0.714774 0.821068 0.079941 0.030622
5 0.207433 0.851305 0.159263 0.033726
5 0.683221 0.851171 0.116032 0.035598
2 0.182974 0.910510 0.105180 0.033190
2 0.684853 0.910659 0.116032 0.035598
5 0.170252 0.971301 0.083537 0.030662
5 0.279979 0.971227 0.130356 0.033469
5 0.389674 0.970009 0.076407 0.032870
5 0.688284 0.970127 0.119629 0.035638
