5 0.172788 0.523959 0.021089 0.028418
3 0.328904 0.539573 0.096436 0.039278
3 0.439608 0.545757 0.108803 0.031160
3 0.571655 0.548966 0.138324 0.031241
4 0.752174 0.550324 0.105457 0.032451
5 0.172092 0.557373 0.021127 0.030244
3 0.339347 0.572233 0.114344 0.039559
3 0.481644 0.580708 0.156788 0.031861
3 0.615785 0.582668 0.090045 0.030886
4 0.756076 0.582709 0.107638 0.033527
5 0.169581 0.594047 0.021150 0.031339
3 0.331226 0.605907 0.100392 0.041149
3 0.416618 0.612451 0.061246 0.034418
3 0.492924 0.615210 0.076958 0.030695
3 0.602002 0.615890 0.123237 0.033196
4 0.761036 0.616753 0.107584 0.033514
5 0.165063 0.632884 0.028574 0.031813
3 0.355778 0.642246 0.149258 0.042266
3 0.494179 0.649200 0.110548 0.031185
3 0.587985 0.649840 0.056485 0.031856
4 0.764908 0.650964 0.109796 0.034591
5 0.284844 0.674819 0.120558 0.039674
5 0.759574 0.687049 0.125906 0.034342
5 0.254594 0.712911 0.066113 0.033457
5 0.330702 0.714754 0.062217 0.034860
5 0.394159 0.716412 0.043429 0.033125
5 0.774761 0.722521 0.105380 0.034276
5 0.250914 0.753404 0.063932 0.033425
5 0.330963 0.754574 0.060005 0.033367
5 0.776843 0.758715 0.111067 0.034194
2 0.312496 0.834484 0.190477 0.037099
2 0.715687 0.835079 0.244983 0.037714
