5 0.096892 0.463240 0.015212 0.015615
3 0.183532 0.463728 0.053571 0.016591
3 0.265542 0.464379 0.097222 0.015290
3 0.337302 0.464379 0.038360 0.015290
4 0.617394 0.466005 0.098545 0.016591
5 0.344246 0.499837 0.052249 0.015290
5 0.415013 0.499837 0.076058 0.015290
5 0.616402 0.501464 0.096561 0.016591
5 0.184854 0.535784 0.078704 0.014314
5 0.300595 0.535784 0.139550 0.014314
5 0.416997 0.537085 0.082672 0.017567
5 0.614087 0.537899 0.097222 0.016591
5 0.336310 0.554001 0.094577 0.015615
5 0.410714 0.554001 0.035714 0.015615
5 0.446429 0.554001 0.022487 0.013012
5 0.622024 0.556278 0.081349 0.015615
2 0.412698 0.603123 0.076720 0.014314
2 0.613095 0.598243 0.099206 0.026675
5 0.422950 0.618087 0.065476 0.015615
5 0.614087 0.620852 0.097222 0.016591
5 0.152116 0.723813 0.013228 0.014314
5 0.215939 0.723162 0.091931 0.015615
