5 0.211817 0.351262 0.060994 0.037228
5 0.326430 0.350816 0.158615 0.040508
4 0.740398 0.351798 0.235708 0.040282
3 0.224267 0.388495 0.083051 0.035220
3 0.295597 0.390777 0.029085 0.028066
3 0.410746 0.390367 0.179135 0.032986
5 0.246469 0.468333 0.132558 0.042230
5 0.353582 0.470395 0.060994 0.037228
2 0.276985 0.503416 0.199197 0.041648
2 0.699688 0.513526 0.295631 0.043496
5 0.238049 0.540370 0.136782 0.039652
5 0.737714 0.552260 0.235096 0.045510
5 0.244044 0.574668 0.163765 0.043229
5 0.770225 0.590135 0.163531 0.040508
