5 0.126173 0.574288 0.020585 0.034341
3 0.314178 0.576884 0.241652 0.049277
4 0.860425 0.593443 0.141073 0.049622
5 0.121014 0.609716 0.020450 0.030598
5 0.330325 0.613031 0.229896 0.045142
5 0.922987 0.633030 0.028468 0.038345
5 0.168869 0.680662 0.152559 0.046271
5 0.252084 0.685343 0.024594 0.038215
5 0.862177 0.705930 0.144947 0.049753
2 0.140401 0.717177 0.106075 0.044703
2 0.860689 0.747104 0.144947 0.049753
5 0.146728 0.756740 0.121705 0.048968
5 0.264907 0.760694 0.113620 0.052254
5 0.861138 0.788342 0.148820 0.049883
