5 0.182766 0.405482 0.052445 0.026105
5 0.542726 0.407622 0.136001 0.029283
3 0.205499 0.434324 0.096246 0.028877
3 0.318871 0.435492 0.116123 0.029080
3 0.414319 0.435681 0.052445 0.026105
4 0.774244 0.436658 0.144021 0.031689
5 0.202391 0.463430 0.096176 0.026552
5 0.309800 0.464659 0.096176 0.026552
5 0.755233 0.465927 0.183707 0.029770
5 0.769911 0.491362 0.163830 0.029567
5 0.174274 0.520702 0.052515 0.028430
5 0.498419 0.522045 0.056490 0.028471
3 0.222848 0.549281 0.163899 0.031892
3 0.389925 0.551064 0.139977 0.029323
4 0.847146 0.547559 0.028592 0.025862
5 0.498201 0.581359 0.235459 0.032623
5 0.229726 0.612592 0.191981 0.031788
5 0.799361 0.612010 0.152042 0.034095
2 0.246548 0.643254 0.231702 0.032573
2 0.802320 0.644543 0.156017 0.034136
5 0.219690 0.676658 0.191946 0.034113
5 0.807302 0.678218 0.156087 0.036461
5 0.261463 0.710539 0.287210 0.035475
5 0.812318 0.713056 0.156087 0.036461
