5 0.183374 0.594136 0.039120 0.021605
3 0.278117 0.592207 0.133252 0.025463
3 0.430318 0.591821 0.151589 0.023148
5 0.592910 0.591821 0.119804 0.023148
4 0.764059 0.592593 0.105134 0.024691
5 0.273839 0.619599 0.146699 0.023148
5 0.383863 0.618056 0.053790 0.023148
5 0.183374 0.645062 0.039120 0.021605
3 0.295844 0.644290 0.166259 0.023148
3 0.455990 0.644290 0.134474 0.023148
5 0.592910 0.645062 0.119804 0.024691
4 0.766504 0.645062 0.105134 0.024691
5 0.231663 0.670139 0.072127 0.023920
5 0.304401 0.669753 0.056235 0.021605
5 0.233496 0.695216 0.070905 0.026235
2 0.487164 0.800926 0.101467 0.026235
2 0.771394 0.804784 0.107579 0.024691
5 0.496333 0.828704 0.083130 0.024691
5 0.765281 0.832562 0.122249 0.026235
5 0.480440 0.881944 0.114914 0.026235
5 0.783619 0.888117 0.090465 0.026235
