5 0.143519 0.465674 0.013889 0.021505
3 0.237269 0.464847 0.053241 0.023160
3 0.300926 0.464847 0.050926 0.023160
4 0.715278 0.465674 0.106481 0.024814
5 0.143519 0.493797 0.013889 0.021505
3 0.261574 0.493797 0.101852 0.024814
3 0.340278 0.493797 0.037037 0.024814
4 0.740741 0.494624 0.055556 0.023160
5 0.414352 0.549214 0.055556 0.023160
5 0.492477 0.549628 0.084491 0.027295
5 0.715278 0.551696 0.106481 0.024814
5 0.408565 0.633581 0.099537 0.023160
5 0.488426 0.634409 0.037037 0.024814
5 0.526620 0.634409 0.020833 0.021505
5 0.723380 0.639371 0.090278 0.024814
2 0.494213 0.712159 0.081019 0.024814
2 0.715856 0.708023 0.119213 0.049628
5 0.504051 0.739041 0.075231 0.025641
5 0.708333 0.744830 0.125000 0.032258
5 0.477431 0.793218 0.116898 0.029777
5 0.714699 0.801075 0.107639 0.028950
5 0.218750 0.894127 0.020833 0.021505
5 0.284144 0.897436 0.098380 0.031431
