5 0.093171 0.431203 0.116898 0.047671
3 0.356481 0.426869 0.129630 0.049837
3 0.454861 0.427411 0.043981 0.050921
4 0.741898 0.425785 0.118056 0.052004
5 0.431713 0.698808 0.159722 0.052004
5 0.759259 0.700975 0.134259 0.065005
5 0.602431 0.775731 0.028935 0.058505
2 0.109375 0.768147 0.184028 0.056338
2 0.741319 0.775190 0.232639 0.057421
5 0.320602 0.773564 0.148148 0.062839
5 0.508681 0.771939 0.146991 0.053088
5 0.072917 0.910076 0.062500 0.049837
5 0.149306 0.912243 0.067130 0.049837
5 0.766204 0.910076 0.125000 0.045504
