3 0.131944 0.412037 0.111111 0.027778
3 0.272569 0.409722 0.149306 0.027778
3 0.373264 0.409722 0.024306 0.023148
5 0.510417 0.409722 0.020833 0.023148
5 0.654514 0.406250 0.128472 0.030093
4 0.812500 0.406250 0.125000 0.030093
3 0.144097 0.446759 0.128472 0.027778
3 0.263889 0.445602 0.090278 0.025463
3 0.354167 0.444444 0.069444 0.027778
5 0.506944 0.444444 0.020833 0.023148
5 0.663194 0.440972 0.104167 0.030093
4 0.817708 0.440972 0.107639 0.030093
5 0.320312 0.512731 0.171875 0.030093
5 0.810764 0.508102 0.128472 0.030093
5 0.321181 0.549769 0.170139 0.025463
5 0.828125 0.543981 0.107639 0.032407
5 0.263889 0.660880 0.076389 0.030093
5 0.838542 0.656250 0.114583 0.034722
2 0.300347 0.751157 0.135417 0.053241
2 0.815972 0.745370 0.159722 0.055556
5 0.300347 0.820602 0.135417 0.048611
5 0.815972 0.813657 0.163194 0.060185
5 0.325521 0.885417 0.189236 0.050926
5 0.827257 0.880208 0.140625 0.061343
