5 0.194034 0.531161 0.021844 0.019435
3 0.235222 0.529357 0.041614 0.020300
3 0.333804 0.526355 0.136749 0.023009
3 0.452713 0.523740 0.086701 0.023875
4 0.702454 0.514082 0.100100 0.025884
5 0.195094 0.555476 0.021959 0.020466
5 0.276262 0.552181 0.125677 0.021508
5 0.376072 0.552735 0.050427 0.025819
5 0.748293 0.535400 0.023376 0.018475
5 0.197323 0.582849 0.026786 0.019651
3 0.238453 0.580530 0.043377 0.021404
3 0.299469 0.578377 0.059967 0.023157
3 0.379076 0.576186 0.090561 0.023016
4 0.719046 0.562597 0.097975 0.025848
5 0.196908 0.608784 0.023491 0.019507
5 0.289552 0.604726 0.146749 0.022890
5 0.415376 0.600773 0.091154 0.023496
5 0.762175 0.585588 0.023606 0.020538
5 0.188771 0.665380 0.151288 0.028636
5 0.736806 0.640086 0.103032 0.027096
5 0.226298 0.694057 0.221537 0.031258
5 0.749274 0.666493 0.088798 0.029433
5 0.147264 0.727581 0.060082 0.024189
5 0.514081 0.706336 0.093032 0.025631
5 0.579100 0.702971 0.025369 0.021642
5 0.754798 0.693465 0.088913 0.027958
2 0.755991 0.748872 0.106863 0.028679
2 0.168390 0.787041 0.100273 0.027431
