3 0.127726 0.464286 0.165109 0.022523
3 0.352025 0.463320 0.236760 0.020592
5 0.291277 0.493565 0.158879 0.021879
5 0.074766 0.495817 0.046729 0.019949
4 0.817757 0.492921 0.158879 0.023166
5 0.165888 0.525097 0.238318 0.020592
5 0.419003 0.524131 0.211838 0.021236
5 0.563863 0.524131 0.018692 0.022523
5 0.800623 0.526062 0.177570 0.025097
5 0.113707 0.556306 0.137072 0.022523
5 0.257788 0.556950 0.095016 0.025097
5 0.377726 0.555663 0.116822 0.026384
3 0.130062 0.598134 0.166667 0.023810
3 0.352804 0.597169 0.238318 0.020592
5 0.289720 0.629665 0.165109 0.026384
5 0.074766 0.630631 0.049844 0.025740
4 0.817757 0.627413 0.165109 0.024453
5 0.167445 0.661840 0.238318 0.025097
5 0.419003 0.659266 0.208723 0.022523
5 0.564642 0.661197 0.020249 0.026384
5 0.805296 0.661519 0.174455 0.025740
5 0.111371 0.694337 0.132399 0.021879
5 0.257009 0.694659 0.099688 0.027671
5 0.380062 0.693050 0.121495 0.024453
3 0.097352 0.739060 0.104361 0.025097
3 0.302960 0.736165 0.241433 0.024453
3 0.514019 0.734234 0.133956 0.023166
5 0.290498 0.768662 0.163551 0.026384
5 0.073988 0.772523 0.048287 0.022523
4 0.825545 0.769305 0.161994 0.025097
5 0.166667 0.802124 0.246106 0.025097
5 0.420561 0.798263 0.214953 0.023810
5 0.573209 0.799550 0.024922 0.026384
5 0.811526 0.803089 0.180685 0.029601
5 0.111371 0.836229 0.135514 0.025097
5 0.255452 0.833012 0.099688 0.027671
5 0.381620 0.831081 0.121495 0.026384
5 0.146417 0.897040 0.218069 0.027027
5 0.691589 0.899614 0.059190 0.028314
5 0.829439 0.901223 0.166667 0.027671
5 0.084112 0.933076 0.080997 0.025740
5 0.245327 0.929858 0.176012 0.027027
5 0.718847 0.934685 0.057632 0.028958
5 0.844237 0.936615 0.140187 0.026384
2 0.110592 0.991634 0.130841 0.016731
2 0.694704 0.993565 0.056075 0.012870
2 0.835670 0.994852 0.176012 0.010296
