3 0.079741 0.501449 0.084770 0.023188
3 0.173851 0.501932 0.077586 0.024155
5 0.063218 0.532850 0.043103 0.031884
5 0.209770 0.533333 0.109195 0.025121
4 0.571839 0.534783 0.109195 0.022222
5 0.111351 0.598068 0.145115 0.025121
5 0.571121 0.599034 0.110632 0.025121
5 0.068247 0.630918 0.061782 0.027053
5 0.177443 0.630918 0.125000 0.028986
5 0.579741 0.630918 0.093391 0.025121
2 0.085489 0.696618 0.096264 0.027053
2 0.574713 0.698068 0.109195 0.026087
5 0.085489 0.728502 0.096264 0.027053
5 0.573276 0.729469 0.106322 0.025121
