3 0.224342 0.459800 0.064947 0.023123
3 0.301968 0.460712 0.066718 0.018507
3 0.366904 0.461279 0.048022 0.022471
3 0.424875 0.462393 0.051315 0.019604
5 0.308186 0.482223 0.018609 0.017859
4 0.712358 0.480462 0.092501 0.026015
5 0.510278 0.482581 0.092331 0.020009
5 0.238253 0.527741 0.107180 0.021353
5 0.334047 0.527865 0.068343 0.019302
5 0.573449 0.529224 0.035828 0.024524
5 0.218821 0.549925 0.055966 0.021330
5 0.293571 0.548969 0.080764 0.021553
5 0.715852 0.547031 0.092034 0.026294
5 0.231860 0.574467 0.088177 0.022630
5 0.321902 0.573327 0.079560 0.017228
5 0.719972 0.570446 0.085166 0.020900
2 0.231791 0.596695 0.095064 0.024123
2 0.322429 0.597503 0.076748 0.022033
2 0.719175 0.593191 0.097478 0.023911
