5 0.169195 0.503917 0.071737 0.032668
5 0.600136 0.499745 0.166145 0.032888
3 0.218998 0.539427 0.141453 0.033597
3 0.369240 0.536346 0.137847 0.030735
4 0.727178 0.534787 0.157060 0.034303
5 0.197471 0.574673 0.113286 0.033464
5 0.325891 0.573352 0.115413 0.030968
5 0.715323 0.570052 0.191422 0.033385
5 0.232806 0.610460 0.159795 0.030697
5 0.728706 0.605444 0.156723 0.029013
3 0.192139 0.642610 0.113053 0.029802
3 0.304491 0.639643 0.089949 0.027734
4 0.795335 0.631057 0.032716 0.025012
3 0.235183 0.671119 0.195408 0.031379
3 0.376151 0.668419 0.058891 0.028765
4 0.800488 0.659477 0.033562 0.026654
5 0.232791 0.703554 0.223731 0.033954
5 0.743615 0.693771 0.169569 0.032916
2 0.198267 0.738846 0.138408 0.032320
2 0.744282 0.727573 0.166705 0.034487
5 0.172405 0.776008 0.125260 0.035319
5 0.737326 0.764170 0.204777 0.038874
5 0.206425 0.814469 0.176558 0.037927
5 0.753975 0.803982 0.176558 0.037927
