5 0.101852 0.519290 0.023148 0.023148
3 0.197338 0.519676 0.100694 0.025463
3 0.317708 0.519676 0.119213 0.025463
4 0.758102 0.524691 0.118056 0.027778
5 0.232639 0.552469 0.178241 0.024691
5 0.391204 0.552469 0.115741 0.024691
5 0.493056 0.553241 0.060185 0.023148
5 0.761574 0.557870 0.115741 0.029321
5 0.452546 0.619599 0.173611 0.026235
5 0.747685 0.625000 0.120370 0.030864
5 0.448495 0.655093 0.177083 0.027778
5 0.748843 0.658951 0.122685 0.030864
5 0.498843 0.691358 0.081019 0.027778
5 0.761574 0.695216 0.101852 0.032407
2 0.422454 0.777006 0.155093 0.054012
2 0.759259 0.782407 0.162037 0.061728
5 0.518519 0.830247 0.106481 0.026235
5 0.792824 0.834105 0.127315 0.032407
