3 0.353273 0.440945 0.277255 0.040247
5 0.225781 0.464459 0.019058 0.020301
5 0.372417 0.473947 0.098888 0.030727
4 0.753247 0.487422 0.088465 0.022576
5 0.322552 0.497579 0.223862 0.034136
5 0.219374 0.520074 0.018979 0.018648
5 0.329555 0.525540 0.021242 0.018705
5 0.790415 0.541926 0.021242 0.018705
5 0.256614 0.564230 0.176128 0.032868
5 0.764017 0.582326 0.091573 0.023802
2 0.270568 0.630500 0.224875 0.035760
2 0.771429 0.642554 0.096179 0.025570
5 0.228095 0.678758 0.160006 0.030792
5 0.777663 0.689984 0.097480 0.024883
5 0.251721 0.734434 0.224519 0.032396
5 0.783969 0.739894 0.098586 0.025686
