5 0.111111 0.509259 0.020833 0.027778
3 0.168403 0.508102 0.065972 0.030093
3 0.281250 0.508102 0.131944 0.030093
3 0.394097 0.508102 0.072917 0.030093
4 0.821181 0.511574 0.114583 0.032407
5 0.111111 0.542824 0.020833 0.025463
3 0.168403 0.540509 0.065972 0.030093
3 0.281250 0.541667 0.131944 0.032407
3 0.402778 0.541667 0.090278 0.032407
4 0.821181 0.543981 0.114583 0.032407
5 0.109375 0.575231 0.024306 0.025463
3 0.166667 0.575231 0.069444 0.030093
3 0.270833 0.575231 0.111111 0.030093
3 0.402778 0.575231 0.131944 0.030093
4 0.821181 0.578704 0.114583 0.032407
5 0.401042 0.641204 0.173611 0.030093
5 0.812500 0.645833 0.131944 0.032407
5 0.085069 0.641204 0.107639 0.032407
5 0.147569 0.641204 0.031250 0.027778
2 0.350694 0.674769 0.069444 0.030093
2 0.812500 0.678241 0.131944 0.032407
5 0.065972 0.674769 0.069444 0.030093
5 0.147569 0.674769 0.031250 0.030093
5 0.362847 0.708333 0.093750 0.032407
5 0.814236 0.712963 0.135417 0.032407
5 0.381944 0.741898 0.131944 0.030093
5 0.812500 0.745370 0.131944 0.032407
