3 0.197338 0.436881 0.156250 0.027228
3 0.350116 0.439769 0.146991 0.028053
5 0.133102 0.473597 0.025463 0.023102
5 0.312500 0.476073 0.111111 0.024752
4 0.800926 0.480198 0.111111 0.026403
5 0.179977 0.527228 0.204861 0.028053
5 0.803241 0.531353 0.111111 0.026403
2 0.203125 0.603960 0.258102 0.024752
2 0.809028 0.605611 0.113426 0.026403
5 0.120370 0.661716 0.106481 0.026403
5 0.211806 0.660891 0.067130 0.024752
5 0.808449 0.662541 0.114583 0.029703
5 0.144676 0.721122 0.164352 0.026403
5 0.271991 0.719472 0.081019 0.026403
5 0.814815 0.720297 0.111111 0.028053
