3 0.124502 0.497063 0.086648 0.019574
3 0.224806 0.498088 0.114740 0.019844
3 0.307100 0.501451 0.047114 0.026999
5 0.722304 0.504566 0.018684 0.020016
4 0.858512 0.506508 0.111121 0.024947
5 0.150281 0.527539 0.086648 0.020319
5 0.723902 0.540521 0.014380 0.019860
5 0.867193 0.543482 0.094350 0.027227
3 0.108381 0.560792 0.072602 0.023462
3 0.272741 0.563396 0.250442 0.029244
3 0.426059 0.569339 0.049379 0.028569
5 0.723347 0.576398 0.014380 0.019860
4 0.857973 0.579792 0.111681 0.029344
5 0.142543 0.594190 0.089707 0.022596
5 0.722736 0.613020 0.018797 0.021508
5 0.868067 0.617551 0.094463 0.028719
3 0.100190 0.626305 0.074755 0.023540
3 0.254017 0.632640 0.227675 0.030582
3 0.396007 0.638545 0.051531 0.028647
5 0.722181 0.648897 0.018797 0.021508
4 0.858790 0.654606 0.111681 0.029344
5 0.135315 0.661234 0.089707 0.022596
5 0.722646 0.685558 0.016532 0.019938
5 0.866844 0.690796 0.094463 0.028719
2 0.090527 0.697000 0.070563 0.024876
2 0.828769 0.730545 0.154100 0.032438
5 0.158223 0.743582 0.087668 0.024009
5 0.846595 0.773072 0.122329 0.028243
