5 0.124866 0.565081 0.027390 0.032123
3 0.240333 0.564247 0.093985 0.033792
3 0.358485 0.567376 0.134801 0.044222
3 0.509667 0.564247 0.160043 0.033792
4 0.837272 0.564038 0.141783 0.037547
5 0.124866 0.600542 0.023093 0.032123
5 0.274973 0.599708 0.153598 0.033792
5 0.893394 0.598874 0.029538 0.032123
5 0.836198 0.661869 0.139635 0.033792
5 0.189850 0.662703 0.164876 0.038798
5 0.281686 0.662078 0.025242 0.030038
2 0.161386 0.695870 0.105800 0.030038
2 0.837272 0.693992 0.141783 0.033792
5 0.152524 0.730496 0.090226 0.043388
5 0.252954 0.726116 0.107411 0.037964
5 0.383459 0.724239 0.137487 0.037547
5 0.675618 0.730705 0.151450 0.037964
5 0.833781 0.729662 0.130505 0.034209
