3 0.234163 0.578236 0.261931 0.035120
3 0.439566 0.571620 0.099765 0.031698
4 0.769488 0.563516 0.186637 0.035807
3 0.250214 0.610415 0.293855 0.039136
3 0.454675 0.604388 0.065692 0.028702
4 0.771529 0.598842 0.186505 0.033528
3 0.235186 0.644960 0.267390 0.040858
3 0.443451 0.638853 0.099634 0.029419
4 0.775324 0.631850 0.190276 0.033608
5 0.302183 0.677204 0.197819 0.033767
5 0.762346 0.668634 0.228121 0.036683
2 0.240113 0.713883 0.069464 0.028782
2 0.689740 0.702683 0.358643 0.033810
5 0.274988 0.746234 0.139298 0.037012
5 0.784277 0.737769 0.196412 0.032367
5 0.244130 0.783396 0.069595 0.031061
5 0.790122 0.773585 0.200249 0.035786
