3 0.211314 0.371448 0.216306 0.021651
3 0.398502 0.372463 0.098170 0.020974
3 0.524958 0.371786 0.098170 0.019621
3 0.648918 0.372801 0.083195 0.021651
3 0.183860 0.397835 0.168053 0.020298
3 0.313644 0.397497 0.024958 0.006089
3 0.399334 0.397497 0.099834 0.019621
3 0.500832 0.397497 0.053245 0.019621
5 0.607321 0.398512 0.016639 0.020298
4 0.799501 0.399188 0.151414 0.020298
3 0.173045 0.422192 0.153078 0.018945
3 0.336938 0.422530 0.128120 0.018268
3 0.436772 0.422192 0.024958 0.004060
3 0.524126 0.423207 0.099834 0.019621
3 0.624792 0.423884 0.051581 0.018268
5 0.179700 0.448579 0.016639 0.020298
4 0.801165 0.451286 0.154742 0.020298
3 0.180532 0.475981 0.181364 0.020974
3 0.358569 0.476996 0.128120 0.020298
3 0.461730 0.474628 0.028286 0.007442
3 0.553245 0.475304 0.108153 0.023681
3 0.649750 0.477673 0.051581 0.020298
5 0.173877 0.504398 0.028286 0.022327
4 0.816972 0.506428 0.126456 0.020974
2 0.148087 0.560217 0.126456 0.024357
2 0.805324 0.562246 0.153078 0.023004
5 0.140599 0.644790 0.121464 0.021651
5 0.807820 0.646820 0.158070 0.021651
5 0.163894 0.674222 0.184692 0.023681
5 0.809484 0.677605 0.158070 0.023681
