3 0.220460 0.581961 0.068928 0.018611
3 0.297593 0.580888 0.059081 0.020759
5 0.235777 0.610236 0.099562 0.020759
5 0.359409 0.609520 0.016411 0.016464
5 0.489059 0.608805 0.078775 0.017895
4 0.660832 0.608447 0.080963 0.018611
3 0.205689 0.640301 0.041575 0.017895
3 0.273523 0.639943 0.072210 0.020043
5 0.234683 0.669291 0.097374 0.018611
5 0.357768 0.667860 0.015317 0.018611
5 0.487418 0.667144 0.082057 0.018611
4 0.661379 0.666786 0.079869 0.019327
5 0.398249 0.726557 0.039387 0.017180
5 0.465536 0.726915 0.064551 0.019327
5 0.655908 0.725483 0.090810 0.017895
5 0.478665 0.756263 0.038293 0.022190
5 0.664114 0.754832 0.078775 0.022190
2 0.465536 0.815676 0.066740 0.020759
2 0.656455 0.813171 0.091904 0.018611
5 0.472648 0.843236 0.052516 0.020043
5 0.657002 0.841804 0.092998 0.020043
5 0.458972 0.904438 0.079869 0.023622
5 0.663020 0.900501 0.078775 0.020043
