5 0.193725 0.552148 0.281604 0.031821
3 0.128146 0.590291 0.146981 0.029160
3 0.241331 0.589321 0.053321 0.029593
4 0.788876 0.588071 0.156083 0.027741
5 0.156317 0.628001 0.197026 0.029755
3 0.141046 0.665205 0.162979 0.029346
3 0.293654 0.664694 0.113844 0.033323
3 0.383455 0.661926 0.071564 0.028281
3 0.457769 0.661266 0.050996 0.028042
4 0.844175 0.658902 0.028103 0.026250
2 0.831073 0.722832 0.149147 0.024610
2 0.123234 0.734421 0.112661 0.027235
2 0.219319 0.731726 0.053122 0.021967
5 0.107886 0.796799 0.066954 0.026703
5 0.192544 0.793971 0.071405 0.022180
5 0.295445 0.792881 0.112581 0.024184
5 0.759594 0.789897 0.167550 0.029399
5 0.135926 0.904694 0.128699 0.028947
5 0.260458 0.906526 0.094258 0.039828
5 0.388499 0.906111 0.034999 0.027855
