5 0.149540 0.417370 0.019172 0.021541
3 0.234195 0.414640 0.116367 0.025314
3 0.353856 0.410730 0.100479 0.028638
4 0.787779 0.395310 0.119755 0.030620
5 0.147454 0.442340 0.021510 0.023102
3 0.271008 0.437570 0.194246 0.030850
3 0.412671 0.433133 0.059904 0.023997
3 0.483735 0.429965 0.062163 0.024050
4 0.789041 0.419823 0.119755 0.029866
5 0.149845 0.466450 0.019251 0.023049
3 0.254826 0.463246 0.157099 0.027771
3 0.385741 0.458682 0.080310 0.025980
3 0.468097 0.455251 0.059983 0.025506
3 0.533515 0.452214 0.041915 0.025084
4 0.795424 0.444595 0.118862 0.029893
5 0.253397 0.511987 0.160408 0.030060
5 0.793956 0.492206 0.140239 0.033357
5 0.195452 0.538638 0.044174 0.025137
5 0.254134 0.536514 0.044095 0.023629
5 0.817238 0.515828 0.100715 0.027963
5 0.205788 0.563318 0.062163 0.024050
5 0.283627 0.559992 0.064421 0.024103
5 0.813458 0.540837 0.124351 0.031480
2 0.266448 0.609857 0.194246 0.033867
2 0.745928 0.589611 0.277851 0.035816
5 0.215883 0.637467 0.106085 0.030252
5 0.325847 0.632259 0.087085 0.026138
5 0.417120 0.626354 0.026027 0.023207
5 0.699236 0.615998 0.109670 0.026665
5 0.801999 0.613601 0.064500 0.025611
5 0.877540 0.609574 0.044095 0.023629
