5 0.156149 0.376910 0.017798 0.028756
3 0.238136 0.374947 0.102764 0.032427
3 0.352957 0.372262 0.098916 0.034332
3 0.470887 0.369722 0.102664 0.033627
4 0.623404 0.367158 0.119460 0.035333
5 0.224147 0.417028 0.076433 0.032558
5 0.341896 0.414502 0.123229 0.033856
5 0.621444 0.408877 0.123209 0.032325
5 0.223900 0.458741 0.080913 0.038433
5 0.641697 0.449555 0.101523 0.035171
2 0.253600 0.503571 0.158877 0.037403
2 0.388193 0.498506 0.076188 0.034089
2 0.628984 0.494884 0.126408 0.036213
5 0.281153 0.593215 0.201944 0.040217
5 0.627980 0.586822 0.160670 0.041236
5 0.257246 0.644862 0.167558 0.037483
5 0.649180 0.635594 0.136800 0.044827
