5 0.383681 0.350116 0.052083 0.024306
5 0.718750 0.349537 0.159722 0.025463
3 0.287326 0.381366 0.137153 0.024306
3 0.438368 0.381944 0.105903 0.025463
4 0.799045 0.380787 0.172743 0.027778
5 0.383681 0.413773 0.052083 0.024306
5 0.717882 0.413194 0.161458 0.025463
3 0.287326 0.446181 0.137153 0.024306
3 0.464410 0.445023 0.161458 0.025463
4 0.801215 0.445602 0.168403 0.025463
3 0.298611 0.477431 0.163194 0.024306
3 0.479167 0.477431 0.135417 0.024306
4 0.803819 0.478009 0.163194 0.025463
3 0.298611 0.509259 0.163194 0.025463
3 0.479167 0.509259 0.135417 0.025463
4 0.804688 0.510417 0.164931 0.025463
5 0.381944 0.541667 0.052083 0.023148
5 0.720486 0.542824 0.163194 0.025463
3 0.313368 0.574074 0.192708 0.025463
3 0.477431 0.573495 0.079861 0.024306
4 0.802951 0.576968 0.171875 0.026620
5 0.381076 0.607060 0.053819 0.024306
5 0.721354 0.608218 0.164931 0.026620
3 0.256076 0.638889 0.081597 0.025463
3 0.407986 0.638889 0.163194 0.025463
4 0.805122 0.642940 0.174479 0.030093
5 0.407552 0.671875 0.219618 0.027778
5 0.795573 0.676215 0.197049 0.029514
5 0.342014 0.704861 0.076389 0.025463
5 0.321181 0.737847 0.052083 0.024306
5 0.812934 0.746528 0.172743 0.030093
2 0.319010 0.773438 0.054688 0.028356
2 0.698785 0.780093 0.388889 0.034722
5 0.358507 0.808449 0.140625 0.030093
5 0.800781 0.817998 0.203993 0.030671
