5 0.114804 0.671127 0.020273 0.025504
3 0.303630 0.669081 0.136728 0.027078
3 0.414427 0.669238 0.060349 0.026763
3 0.515087 0.669238 0.112683 0.026763
4 0.757426 0.671757 0.118340 0.026763
5 0.114804 0.701984 0.020273 0.025504
3 0.285714 0.700094 0.100896 0.026763
3 0.423385 0.698835 0.155587 0.029282
4 0.757426 0.702771 0.118340 0.027078
5 0.114804 0.732840 0.020273 0.025504
5 0.266384 0.731581 0.062235 0.025504
5 0.322961 0.730321 0.017916 0.025504
5 0.365158 0.730321 0.038190 0.025504
5 0.477605 0.729691 0.150872 0.026763
5 0.759312 0.733155 0.116455 0.030542
5 0.237388 0.761807 0.116455 0.026763
5 0.749175 0.763854 0.134842 0.028338
5 0.209807 0.792664 0.065064 0.028023
5 0.284771 0.791404 0.062235 0.026763
5 0.349835 0.789515 0.044319 0.025504
5 0.765205 0.794868 0.104668 0.030542
5 0.208157 0.823678 0.062706 0.027078
5 0.287600 0.821631 0.056577 0.028023
5 0.757426 0.825252 0.116455 0.030856
2 0.274635 0.881140 0.185290 0.033060
2 0.683168 0.884446 0.257426 0.034005
