5 0.126261 0.408063 0.022578 0.021429
3 0.232637 0.406009 0.122111 0.026800
3 0.319471 0.406002 0.044281 0.026571
3 0.356453 0.407476 0.025029 0.026164
3 0.387501 0.406203 0.033866 0.032144
3 0.414350 0.406176 0.026528 0.028491
4 0.827461 0.399117 0.108643 0.028033
5 0.219188 0.438567 0.090764 0.027627
5 0.312280 0.438781 0.090764 0.027627
5 0.373159 0.439145 0.022765 0.024920
5 0.401764 0.438495 0.029791 0.022755
5 0.434777 0.436580 0.028378 0.029695
5 0.834573 0.431572 0.090764 0.027627
5 0.206594 0.504085 0.058584 0.026896
5 0.260229 0.502866 0.044281 0.026571
5 0.872100 0.497116 0.022702 0.023756
5 0.222645 0.536336 0.094340 0.027708
5 0.304884 0.534467 0.072886 0.027221
5 0.872060 0.529732 0.026278 0.023837
5 0.082991 0.602412 0.058584 0.026896
5 0.159929 0.601828 0.090889 0.029954
5 0.834249 0.592329 0.108643 0.028033
5 0.090165 0.636030 0.076337 0.024975
5 0.192133 0.634877 0.122945 0.028358
5 0.837785 0.624864 0.105067 0.027952
2 0.102475 0.698652 0.087314 0.029873
2 0.193716 0.697744 0.090764 0.027627
2 0.840149 0.688914 0.110782 0.030401
5 0.103173 0.727758 0.089993 0.028340
5 0.196233 0.728554 0.089930 0.027176
5 0.880573 0.721740 0.022578 0.021429
5 0.115398 0.756019 0.104545 0.029178
5 0.204239 0.760407 0.076462 0.027302
5 0.848103 0.750434 0.090764 0.027627
5 0.120410 0.782696 0.104670 0.026851
5 0.840725 0.779723 0.101367 0.025544
