5 0.175087 0.643379 0.020371 0.020746
3 0.259964 0.646947 0.101427 0.024979
3 0.330066 0.649739 0.020400 0.021934
3 0.397014 0.651898 0.098498 0.026121
4 0.718328 0.666990 0.099410 0.026444
5 0.459587 0.711219 0.143649 0.028459
5 0.698737 0.724111 0.100262 0.028816
5 0.495403 0.741235 0.069799 0.026060
5 0.701850 0.751791 0.083425 0.025084
2 0.432745 0.804663 0.124815 0.047523
2 0.689359 0.820150 0.119039 0.058387
5 0.502041 0.848313 0.083270 0.023270
5 0.709104 0.859771 0.101552 0.028247
5 0.468771 0.877630 0.113667 0.028966
5 0.700516 0.886709 0.082732 0.031027
