5 0.204861 0.438657 0.020833 0.020833
3 0.265625 0.438657 0.079861 0.025463
3 0.333333 0.438657 0.041667 0.025463
3 0.440972 0.439815 0.159722 0.027778
4 0.758681 0.439815 0.114583 0.027778
5 0.203125 0.466435 0.017361 0.020833
3 0.274306 0.466435 0.097222 0.025463
3 0.359375 0.466435 0.059028 0.025463
4 0.760417 0.467593 0.111111 0.027778
5 0.203125 0.495370 0.017361 0.023148
3 0.289931 0.494213 0.128472 0.025463
3 0.407986 0.494213 0.093750 0.025463
4 0.767361 0.496528 0.097222 0.025463
2 0.312500 0.561343 0.173611 0.043981
2 0.706597 0.563657 0.211806 0.048611
5 0.262153 0.597222 0.079861 0.027778
5 0.751736 0.599537 0.128472 0.027778
5 0.327257 0.635417 0.213542 0.048611
5 0.706597 0.637731 0.211806 0.048611
