5 0.218441 0.507289 0.018034 0.021671
3 0.298429 0.506501 0.126818 0.025611
3 0.416230 0.505122 0.108784 0.022853
3 0.527051 0.504531 0.104712 0.021671
4 0.843223 0.504925 0.106457 0.025611
5 0.218441 0.534870 0.018034 0.020095
5 0.294648 0.534082 0.114602 0.021671
5 0.884817 0.530536 0.022106 0.020095
5 0.220186 0.561663 0.018034 0.020095
5 0.304538 0.560284 0.134380 0.022853
5 0.884817 0.558117 0.022106 0.018519
5 0.221059 0.589046 0.019779 0.021277
5 0.308319 0.588258 0.138453 0.022853
5 0.884817 0.584909 0.022106 0.021671
5 0.222222 0.616430 0.017452 0.020095
5 0.318208 0.614460 0.154741 0.021671
5 0.469459 0.613081 0.136126 0.021277
5 0.884817 0.612490 0.022106 0.020095
5 0.223386 0.642632 0.019779 0.021277
5 0.372309 0.640859 0.264107 0.027187
5 0.884817 0.639283 0.022106 0.020095
5 0.225131 0.670016 0.019779 0.020095
5 0.372309 0.667849 0.264107 0.026793
5 0.883944 0.666667 0.023851 0.021277
5 0.241129 0.724192 0.063409 0.021277
5 0.314427 0.722419 0.080861 0.024035
5 0.841187 0.721631 0.104712 0.024035
5 0.241129 0.750394 0.063409 0.020095
5 0.326934 0.749409 0.094241 0.025217
5 0.850204 0.747833 0.086678 0.022853
2 0.258871 0.777187 0.098895 0.022459
2 0.830425 0.773641 0.122746 0.024035
5 0.255090 0.881600 0.075044 0.020095
5 0.362711 0.879433 0.134380 0.024429
5 0.836242 0.876281 0.102967 0.022853
