5 0.322168 0.429914 0.017611 0.016865
3 0.376212 0.442461 0.067528 0.029217
3 0.439056 0.457058 0.055470 0.026048
3 0.501923 0.469944 0.065886 0.026615
4 0.666581 0.503841 0.067869 0.029153
5 0.495156 0.502010 0.096521 0.036068
5 0.647721 0.538178 0.068667 0.029569
5 0.513429 0.526842 0.047764 0.024753
5 0.649593 0.557072 0.059244 0.026631
2 0.458991 0.561903 0.093892 0.048483
2 0.633659 0.601759 0.094876 0.053301
5 0.445503 0.591662 0.062709 0.029374
5 0.502976 0.603721 0.050678 0.026007
5 0.647268 0.635517 0.083188 0.037985
