5 0.081741 0.584106 0.025478 0.023841
3 0.182059 0.584437 0.115711 0.029801
3 0.292994 0.586755 0.091295 0.023841
3 0.363057 0.586093 0.027601 0.017219
3 0.433121 0.588079 0.093418 0.029139
4 0.797240 0.588742 0.135881 0.027815
5 0.457006 0.651656 0.187898 0.027815
5 0.774416 0.656291 0.134820 0.031788
5 0.503715 0.685430 0.085987 0.027815
5 0.782378 0.690728 0.116773 0.029139
2 0.426752 0.764238 0.163482 0.050331
2 0.772824 0.771523 0.174098 0.059603
5 0.523355 0.814570 0.106157 0.023841
5 0.803079 0.819536 0.141189 0.039073
5 0.483546 0.850993 0.153928 0.031788
5 0.795117 0.854305 0.114650 0.029139
