5 0.244174 0.379622 0.018736 0.019488
3 0.316956 0.381355 0.076807 0.020282
3 0.383084 0.384542 0.034044 0.019716
5 0.475738 0.385101 0.101315 0.022356
4 0.588773 0.386490 0.105387 0.022200
5 0.243105 0.403898 0.017736 0.018730
5 0.366020 0.407068 0.147671 0.021994
5 0.241992 0.430102 0.016824 0.023342
3 0.302073 0.430511 0.049281 0.018376
3 0.352991 0.430798 0.033008 0.018932
3 0.404409 0.431477 0.050353 0.020676
3 0.467322 0.432318 0.062109 0.019309
4 0.588698 0.434978 0.103369 0.023898
5 0.366694 0.454884 0.149187 0.025091
5 0.241364 0.479446 0.015770 0.021787
3 0.307850 0.478400 0.061108 0.021621
3 0.366126 0.479553 0.032155 0.019640
3 0.443498 0.480869 0.103445 0.019286
4 0.588079 0.483250 0.102297 0.024459
5 0.366093 0.503071 0.152223 0.024361
5 0.239788 0.526078 0.018754 0.019515
3 0.311552 0.527034 0.076790 0.020268
3 0.370124 0.527030 0.020843 0.021083
5 0.472148 0.530309 0.102818 0.024486
4 0.586441 0.531424 0.107406 0.026812
5 0.238728 0.549584 0.015735 0.020245
5 0.361927 0.551597 0.148097 0.022765
5 0.236910 0.575395 0.017309 0.017959
3 0.317559 0.575687 0.093080 0.018955
3 0.418877 0.577026 0.092116 0.022025
3 0.485085 0.576744 0.022862 0.020339
3 0.317500 0.600755 0.065625 0.020891
3 0.397426 0.601804 0.078826 0.019538
4 0.585831 0.580396 0.104423 0.026028
5 0.236531 0.622812 0.016717 0.018717
3 0.307276 0.624525 0.080898 0.021093
3 0.404012 0.625404 0.091062 0.020456
3 0.476820 0.626366 0.033008 0.019689
4 0.585729 0.629354 0.106459 0.026839
5 0.356873 0.649846 0.153727 0.026700
5 0.233313 0.674448 0.020808 0.020259
3 0.300503 0.675323 0.059516 0.020824
3 0.364426 0.676253 0.046854 0.019259
5 0.461573 0.678048 0.090635 0.026224
4 0.591432 0.680706 0.094672 0.025920
5 0.230716 0.698305 0.018825 0.021827
3 0.295853 0.700323 0.057462 0.020026
3 0.378538 0.702051 0.079435 0.020057
5 0.488459 0.704421 0.090635 0.026624
4 0.591571 0.706930 0.096193 0.024405
5 0.294180 0.751188 0.064572 0.021648
5 0.569774 0.758297 0.140508 0.024970
5 0.331248 0.777518 0.137951 0.023402
5 0.591329 0.783654 0.096224 0.023621
5 0.306743 0.802256 0.094152 0.023594
5 0.591225 0.810257 0.091186 0.025866
5 0.318626 0.829033 0.123164 0.023186
5 0.567721 0.835008 0.139058 0.028784
5 0.313189 0.854392 0.107424 0.022998
5 0.425170 0.857028 0.093134 0.022039
5 0.589759 0.861906 0.094672 0.025920
5 0.281299 0.879098 0.048926 0.023127
5 0.342112 0.881434 0.051447 0.023154
5 0.581285 0.887965 0.110341 0.029307
2 0.289438 0.912298 0.069383 0.038702
2 0.482240 0.921407 0.276027 0.051442
