5 0.543578 0.532622 0.025557 0.018821
3 0.188401 0.524780 0.248362 0.029486
3 0.382700 0.529956 0.137615 0.022898
4 0.729358 0.532936 0.141547 0.023212
5 0.541940 0.555207 0.022280 0.018821
3 0.104522 0.544699 0.087156 0.023526
3 0.212320 0.548306 0.125819 0.023212
4 0.718218 0.556619 0.162516 0.021644
5 0.543578 0.578733 0.019004 0.017566
3 0.196920 0.571361 0.269332 0.027917
3 0.222149 0.595828 0.325033 0.028545
4 0.718218 0.579360 0.162516 0.021330
5 0.108781 0.629548 0.078637 0.020075
5 0.202490 0.631587 0.098296 0.018507
5 0.715596 0.637547 0.162516 0.022898
5 0.136959 0.655113 0.141547 0.021016
5 0.726737 0.663739 0.140236 0.021330
5 0.101900 0.677541 0.074050 0.021330
5 0.726737 0.685069 0.140236 0.021330
5 0.152031 0.703576 0.166448 0.021330
5 0.778178 0.709222 0.030799 0.018821
2 0.136632 0.744668 0.134338 0.020075
2 0.714286 0.745295 0.165138 0.021330
5 0.114351 0.769448 0.089777 0.018821
5 0.714286 0.771957 0.165138 0.021330
5 0.177261 0.812108 0.211664 0.028231
5 0.774246 0.812892 0.033421 0.022898
