3 0.123779 0.324058 0.085840 0.023299
3 0.209646 0.324124 0.065232 0.025166
3 0.297853 0.323091 0.083607 0.027181
3 0.377463 0.322246 0.050247 0.022446
5 0.469692 0.320916 0.017047 0.020861
5 0.555732 0.317466 0.067519 0.025221
4 0.710240 0.305781 0.084976 0.030337
3 0.125087 0.354813 0.086998 0.026476
3 0.241941 0.354102 0.132827 0.026874
3 0.362776 0.352250 0.083528 0.025606
5 0.471074 0.350124 0.015903 0.020834
5 0.557133 0.346280 0.064049 0.024351
4 0.712792 0.335831 0.088461 0.028624
3 0.125917 0.383613 0.084591 0.024059
3 0.207275 0.382416 0.054966 0.022334
3 0.284547 0.382303 0.085775 0.024874
3 0.364177 0.381065 0.047880 0.020816
5 0.472435 0.379726 0.019374 0.021704
5 0.556799 0.375498 0.071069 0.024414
4 0.714146 0.363844 0.089550 0.030987
3 0.143307 0.413206 0.120119 0.026486
3 0.240641 0.412787 0.051471 0.024049
3 0.342038 0.411284 0.130769 0.027606
5 0.473896 0.407358 0.013656 0.021566
5 0.558260 0.403079 0.067639 0.027584
4 0.715487 0.394205 0.090534 0.027076
3 0.119452 0.443384 0.070949 0.025304
3 0.192833 0.441206 0.052814 0.028014
3 0.287229 0.442294 0.117951 0.028794
3 0.381825 0.439444 0.052574 0.023289
5 0.474074 0.437720 0.019334 0.020916
5 0.559582 0.433469 0.068822 0.028399
4 0.715752 0.424214 0.091732 0.029737
3 0.135718 0.472556 0.099576 0.026779
3 0.288139 0.469519 0.180218 0.031937
5 0.475495 0.466140 0.013616 0.020779
5 0.569579 0.462095 0.057308 0.026549
4 0.734797 0.455030 0.059754 0.029754
5 0.445037 0.524546 0.087049 0.023304
5 0.532160 0.522318 0.068713 0.022929
5 0.713939 0.516426 0.108884 0.030149
2 0.527430 0.582117 0.081281 0.026339
2 0.723283 0.580519 0.122685 0.032054
5 0.526464 0.612451 0.082384 0.025579
5 0.719970 0.611979 0.112314 0.030232
5 0.513473 0.642890 0.109827 0.026239
5 0.722315 0.644759 0.106557 0.029307
5 0.288480 0.677298 0.068702 0.026036
5 0.383075 0.674448 0.099616 0.027566
5 0.289249 0.707279 0.068702 0.026036
5 0.360404 0.703865 0.052654 0.024864
5 0.475876 0.673131 0.065192 0.024379
5 0.563391 0.674448 0.084791 0.027997
