3 0.150977 0.609938 0.101922 0.032147
3 0.227593 0.610092 0.026565 0.024759
4 0.833557 0.640329 0.123720 0.036344
3 0.161267 0.643308 0.139882 0.030925
3 0.295680 0.647244 0.103181 0.029420
4 0.847269 0.676445 0.108724 0.035450
5 0.149800 0.715765 0.161399 0.032868
5 0.837596 0.747935 0.125260 0.036535
5 0.092975 0.750618 0.065502 0.029977
5 0.193853 0.755161 0.099780 0.032020
5 0.851910 0.787432 0.108309 0.036307
2 0.077779 0.826930 0.089255 0.032841
2 0.160447 0.830386 0.048551 0.030415
2 0.253338 0.834450 0.105417 0.031007
2 0.847754 0.861795 0.136441 0.037302
5 0.064163 0.907747 0.091210 0.031509
5 0.850346 0.942841 0.136534 0.037302
