3 0.074156 0.469737 0.092511 0.039474
3 0.190896 0.467763 0.140969 0.040789
3 0.320852 0.469737 0.113069 0.052632
3 0.447137 0.463158 0.145374 0.047368
3 0.611601 0.461184 0.180617 0.046053
3 0.795154 0.460526 0.186490 0.052632
5 0.136564 0.524342 0.217327 0.040789
4 0.859765 0.574342 0.168869 0.046053
3 0.127753 0.664474 0.187959 0.042105
3 0.295154 0.663816 0.140969 0.040789
3 0.454479 0.665132 0.174743 0.048684
3 0.618209 0.663158 0.149780 0.039474
3 0.756975 0.666447 0.127753 0.048684
3 0.834802 0.667105 0.019090 0.013158
5 0.143172 0.718421 0.209985 0.039474
4 0.858297 0.774342 0.145374 0.043421
3 0.101322 0.848026 0.111601 0.038158
3 0.316446 0.850658 0.321586 0.046053
3 0.525698 0.850000 0.099853 0.036842
3 0.671806 0.851316 0.189427 0.039474
3 0.799559 0.852632 0.066079 0.042105
3 0.134361 0.899342 0.168869 0.043421
3 0.228341 0.898684 0.022026 0.039474
3 0.325257 0.901316 0.171806 0.047368
5 0.557269 0.900000 0.236417 0.039474
4 0.849486 0.955921 0.142438 0.046053
