3 0.111319 0.346452 0.118787 0.038469
3 0.267465 0.345143 0.188140 0.041339
3 0.444151 0.343786 0.156113 0.037134
3 0.573018 0.340932 0.091609 0.039602
3 0.698693 0.339646 0.156336 0.037161
3 0.234493 0.396330 0.369180 0.043419
5 0.543355 0.393707 0.198356 0.038069
4 0.835173 0.443640 0.154047 0.040626
3 0.117608 0.519910 0.119320 0.036861
3 0.287662 0.517696 0.216557 0.038515
3 0.503410 0.519525 0.213012 0.037881
3 0.687543 0.519132 0.149130 0.035420
3 0.240395 0.568248 0.359307 0.045841
5 0.547323 0.568868 0.194727 0.040812
4 0.828472 0.616133 0.154203 0.040999
3 0.123625 0.686008 0.115914 0.031596
3 0.289715 0.685344 0.212894 0.034690
3 0.504353 0.686072 0.206202 0.031582
3 0.666245 0.686310 0.113629 0.032385
3 0.757667 0.684492 0.060062 0.031532
3 0.831717 0.684200 0.086759 0.033123
3 0.176222 0.732196 0.218690 0.033190
3 0.473313 0.734068 0.375694 0.042962
5 0.780731 0.731445 0.187126 0.038285
4 0.819335 0.777962 0.146531 0.036191
2 0.577221 0.850720 0.168344 0.031554
2 0.819088 0.849859 0.147271 0.037241
5 0.418658 0.853137 0.084592 0.039644
5 0.478583 0.851275 0.025044 0.031932
