5 0.215278 0.432099 0.023148 0.024691
3 0.293981 0.429012 0.125000 0.030864
3 0.413194 0.427469 0.113426 0.037037
3 0.534722 0.425926 0.125000 0.030864
3 0.655093 0.425926 0.106481 0.030864
4 0.812500 0.424383 0.125000 0.033951
5 0.215278 0.461420 0.023148 0.027778
3 0.275463 0.459877 0.087963 0.030864
3 0.349537 0.458333 0.050926 0.027778
3 0.469907 0.456790 0.180556 0.030864
4 0.812500 0.455247 0.125000 0.033951
5 0.215278 0.490741 0.023148 0.024691
3 0.302083 0.489198 0.145833 0.037037
3 0.432870 0.487654 0.106481 0.030864
4 0.821759 0.486111 0.106481 0.033951
2 0.333333 0.561728 0.194444 0.049383
2 0.758102 0.557870 0.233796 0.060185
5 0.280093 0.598765 0.087963 0.030864
5 0.817130 0.595679 0.125000 0.030864
5 0.351852 0.640432 0.231481 0.052469
5 0.759259 0.638117 0.236111 0.060185
