3 0.334788 0.404840 0.175886 0.025335
5 0.261646 0.439408 0.015923 0.019870
5 0.328192 0.439553 0.023447 0.020074
5 0.404682 0.437480 0.096350 0.025937
4 0.812695 0.437140 0.093930 0.027816
3 0.427962 0.466565 0.366573 0.028446
5 0.259520 0.503769 0.015923 0.019870
5 0.326066 0.503914 0.023447 0.020074
5 0.403140 0.501338 0.098010 0.027550
4 0.815497 0.499420 0.093930 0.027816
5 0.297425 0.550814 0.168362 0.025335
5 0.816433 0.548109 0.096438 0.027884
2 0.316879 0.620593 0.215925 0.028261
2 0.825075 0.614481 0.098054 0.025335
5 0.268437 0.674031 0.134056 0.028903
5 0.372514 0.671210 0.076375 0.027340
5 0.834271 0.665517 0.101541 0.029966
5 0.302281 0.728649 0.211888 0.032956
5 0.880567 0.717849 0.023709 0.025913
