5 0.699728 0.343090 0.022958 0.040459
3 0.295692 0.337612 0.167149 0.043475
3 0.397234 0.343653 0.022495 0.037682
5 0.575532 0.347118 0.114271 0.053043
4 0.860474 0.346658 0.114453 0.051410
5 0.702978 0.386459 0.025624 0.039499
3 0.265764 0.377295 0.121856 0.048583
3 0.346606 0.383256 0.026026 0.043074
5 0.573595 0.389364 0.121294 0.053227
4 0.862876 0.387903 0.116149 0.049592
5 0.702758 0.428674 0.022032 0.039377
3 0.248223 0.421910 0.086532 0.045098
3 0.335128 0.424960 0.083806 0.051688
5 0.598473 0.428841 0.063795 0.040849
4 0.886916 0.429850 0.063916 0.042154
5 0.443210 0.560945 0.063795 0.040849
5 0.527512 0.560644 0.100534 0.047361
5 0.868794 0.563512 0.116188 0.049776
5 0.297064 0.604799 0.102208 0.049224
5 0.430814 0.603589 0.154321 0.051064
5 0.548143 0.606505 0.062302 0.047752
5 0.880719 0.607932 0.102308 0.047529
2 0.217799 0.698250 0.104505 0.043971
2 0.877877 0.698602 0.124946 0.056985
5 0.411431 0.749443 0.126681 0.058803
5 0.207260 0.745171 0.086654 0.048610
5 0.874308 0.746208 0.142296 0.050573
5 0.556493 0.797261 0.166747 0.052815
5 0.866371 0.795694 0.123029 0.056985
