5 0.099096 0.250146 0.031413 0.034627
3 0.176675 0.247140 0.104070 0.038291
4 0.840087 0.242594 0.133776 0.039335
5 0.223631 0.328662 0.186664 0.042860
5 0.840705 0.319550 0.133776 0.039335
5 0.187601 0.366878 0.123881 0.039098
5 0.299859 0.366454 0.077704 0.037993
5 0.845961 0.357909 0.113986 0.038862
2 0.192973 0.407498 0.123881 0.039098
2 0.841323 0.396505 0.133776 0.039335
5 0.102211 0.408539 0.028114 0.034548
5 0.231752 0.488067 0.193145 0.040757
5 0.846888 0.473341 0.137074 0.039414
5 0.219406 0.569860 0.173355 0.040283
5 0.845857 0.550336 0.146969 0.039651
