5 0.380276 0.374613 0.116422 0.118998
5 0.497027 0.495906 0.026714 0.026553
5 0.587889 0.591793 0.104879 0.108180
4 0.716349 0.726036 0.101251 0.103919
3 0.336081 0.384120 0.062993 0.063925
3 0.381430 0.431490 0.058046 0.057696
3 0.430406 0.481154 0.068270 0.067859
3 0.471302 0.522787 0.042545 0.042289
3 0.543530 0.599005 0.129614 0.134406
3 0.623014 0.682763 0.057057 0.056713
5 0.322229 0.427884 0.113784 0.116704
5 0.439311 0.547702 0.026055 0.025898
5 0.533306 0.645064 0.094655 0.096707
4 0.659622 0.774881 0.092016 0.091462
3 0.282982 0.437882 0.060355 0.059991
3 0.329980 0.484924 0.061344 0.062941
3 0.370876 0.526557 0.043535 0.043272
3 0.405176 0.561798 0.052769 0.054090
3 0.453328 0.610807 0.069919 0.069498
3 0.515991 0.675387 0.080473 0.079988
5 0.269460 0.479187 0.114443 0.113753
5 0.386212 0.596219 0.026714 0.026553
5 0.477404 0.690467 0.094984 0.094412
4 0.603060 0.819956 0.093006 0.092445
3 0.226256 0.489022 0.061674 0.061302
3 0.274243 0.536720 0.063983 0.063597
3 0.315633 0.578845 0.045184 0.046223
3 0.358014 0.621953 0.071898 0.071465
3 0.415730 0.679321 0.070579 0.070153
3 0.483670 0.748819 0.096304 0.095723
5 0.189812 0.529508 0.089708 0.089167
5 0.263194 0.602448 0.088718 0.088183
5 0.539572 0.880439 0.103230 0.102608
2 0.171178 0.590154 0.136210 0.132439
2 0.503788 0.919613 0.105538 0.104902
