3 0.328525 0.369983 0.129565 0.024029
3 0.466598 0.372107 0.133534 0.024136
5 0.242776 0.368640 0.023380 0.019615
4 0.795792 0.373952 0.126824 0.026111
3 0.306065 0.395310 0.098033 0.021034
3 0.397647 0.396787 0.071991 0.021345
3 0.486629 0.398183 0.090184 0.022406
5 0.239823 0.396204 0.026087 0.021201
4 0.795593 0.400627 0.129747 0.026301
3 0.318847 0.421635 0.124270 0.024741
3 0.442540 0.422592 0.107144 0.022834
5 0.236285 0.422605 0.030057 0.021995
4 0.792617 0.427122 0.132409 0.028707
3 0.331052 0.447591 0.154493 0.023058
3 0.454090 0.448930 0.073179 0.022165
3 0.514940 0.449792 0.029966 0.019338
3 0.320282 0.476157 0.141383 0.025009
5 0.233424 0.448636 0.027350 0.020462
4 0.791010 0.453771 0.132301 0.023651
3 0.300878 0.503347 0.113805 0.024578
3 0.445592 0.504031 0.164975 0.023985
3 0.317039 0.530135 0.138676 0.024243
5 0.226956 0.502217 0.020718 0.018795
4 0.791160 0.506855 0.128439 0.028654
5 0.487051 0.587766 0.155909 0.025357
5 0.777184 0.588295 0.154738 0.026771
2 0.498167 0.621332 0.119100 0.025401
2 0.752845 0.622323 0.191548 0.027542
5 0.491853 0.649420 0.133763 0.026771
5 0.756341 0.651553 0.199579 0.030447
5 0.288578 0.676897 0.112559 0.025267
5 0.456107 0.678460 0.207017 0.027907
5 0.758476 0.679266 0.186116 0.029097
5 0.408093 0.704677 0.103448 0.025106
5 0.510794 0.705642 0.088997 0.024019
5 0.840969 0.703929 0.023380 0.019615
5 0.428564 0.733542 0.106002 0.025053
5 0.522124 0.736908 0.076161 0.029089
5 0.826738 0.734371 0.051170 0.026282
