3 0.138822 0.469497 0.145433 0.029123
3 0.285156 0.468731 0.112380 0.026364
4 0.824820 0.460454 0.164062 0.031269
5 0.127404 0.502912 0.117788 0.029736
5 0.260817 0.501226 0.112981 0.030043
5 0.801683 0.492796 0.215144 0.030963
5 0.155649 0.534795 0.167067 0.027284
5 0.829928 0.524218 0.161058 0.027590
3 0.158053 0.566677 0.163462 0.029123
3 0.327524 0.564531 0.139423 0.030349
4 0.892728 0.553801 0.030649 0.023605
3 0.147837 0.598253 0.135817 0.026058
4 0.842548 0.587063 0.135817 0.027590
5 0.137620 0.630441 0.112981 0.028510
5 0.268329 0.628909 0.109976 0.027284
5 0.806791 0.617719 0.209736 0.030656
5 0.167368 0.660944 0.164062 0.026364
5 0.831130 0.648529 0.158654 0.027284
3 0.169772 0.692367 0.159255 0.026058
3 0.336538 0.689761 0.138221 0.026364
4 0.844050 0.679951 0.132812 0.027590
5 0.149339 0.722410 0.107572 0.026058
5 0.276142 0.721183 0.109976 0.026058
5 0.808293 0.710454 0.211538 0.029123
5 0.177584 0.751533 0.155649 0.027897
5 0.833834 0.740037 0.159255 0.027590
3 0.193810 0.780963 0.178486 0.028510
3 0.381310 0.778663 0.161659 0.026364
4 0.893930 0.768240 0.033053 0.023299
5 0.209435 0.809779 0.203726 0.028510
5 0.832332 0.799663 0.156250 0.026058
2 0.237680 0.839209 0.239784 0.029736
2 0.832332 0.827713 0.156250 0.027590
5 0.215745 0.867106 0.193510 0.031576
5 0.832632 0.857143 0.159255 0.030656
