3 0.098274 0.636137 0.087649 0.026644
3 0.207171 0.636969 0.108898 0.024979
5 0.452855 0.638634 0.026560 0.024979
5 0.549801 0.639467 0.108898 0.026644
4 0.764940 0.643630 0.108898 0.028310
3 0.100930 0.671107 0.087649 0.026644
3 0.199203 0.671940 0.087649 0.024979
5 0.452855 0.673605 0.026560 0.024979
5 0.539177 0.675271 0.124834 0.028310
4 0.754980 0.678185 0.128818 0.029142
5 0.107570 0.706078 0.100930 0.026644
5 0.756972 0.713988 0.130146 0.030808
5 0.087649 0.776020 0.066401 0.026644
5 0.182603 0.777685 0.104914 0.029975
5 0.257636 0.779351 0.029216 0.026644
5 0.767596 0.786012 0.108898 0.026644
2 0.102258 0.811823 0.106242 0.024979
2 0.217795 0.814321 0.103586 0.026644
2 0.754980 0.820983 0.128818 0.029975
5 0.102258 0.846794 0.100930 0.024979
5 0.756308 0.856370 0.131474 0.030808
5 0.117530 0.881349 0.144754 0.029142
5 0.802125 0.892590 0.029216 0.023314
