3 0.297372 0.428723 0.320065 0.032338
5 0.155333 0.458954 0.018275 0.019620
5 0.232292 0.462646 0.026532 0.018017
5 0.320897 0.461031 0.113810 0.026813
4 0.793341 0.472122 0.111009 0.026714
5 0.264625 0.489071 0.258659 0.029194
5 0.147614 0.522576 0.018422 0.021522
5 0.227521 0.524466 0.026679 0.019919
5 0.274035 0.522307 0.029774 0.023823
5 0.836337 0.533734 0.026826 0.021821
5 0.131338 0.569681 0.077541 0.027420
5 0.229527 0.571268 0.122360 0.029015
5 0.796951 0.580017 0.112850 0.026863
2 0.797822 0.650621 0.113957 0.028715
2 0.215028 0.640848 0.244580 0.032500
5 0.172584 0.690360 0.164232 0.028608
5 0.799388 0.703129 0.114103 0.030618
5 0.207284 0.741662 0.229913 0.039410
5 0.796678 0.756439 0.116905 0.030717
