3 0.248036 0.510758 0.137071 0.029404
3 0.372732 0.504215 0.102751 0.027603
3 0.482555 0.498452 0.107327 0.027844
3 0.585595 0.493907 0.093440 0.025406
5 0.693130 0.488264 0.024800 0.021804
4 0.823786 0.483996 0.112223 0.031518
5 0.438307 0.603433 0.077744 0.028000
5 0.532275 0.600228 0.105199 0.029441
5 0.811730 0.589014 0.114351 0.029921
5 0.416551 0.635629 0.202839 0.034663
5 0.557954 0.629074 0.068752 0.029236
5 0.824905 0.619379 0.093760 0.028840
2 0.450859 0.701121 0.112063 0.029801
2 0.564194 0.696036 0.105039 0.027724
2 0.793265 0.711622 0.163199 0.041027
5 0.326035 0.730964 0.091312 0.027003
5 0.427931 0.726479 0.098336 0.029080
5 0.551230 0.723889 0.134439 0.031920
5 0.698925 0.840368 0.108551 0.023731
5 0.761073 0.834950 0.022512 0.021684
