5 0.296296 0.264180 0.027778 0.015540
5 0.479167 0.261849 0.069444 0.017094
3 0.306713 0.280497 0.048611 0.017094
4 0.598380 0.276612 0.071759 0.018648
5 0.296296 0.298368 0.027778 0.015540
5 0.479167 0.296037 0.069444 0.017094
3 0.312500 0.314685 0.060185 0.017094
3 0.371528 0.314685 0.048611 0.017094
4 0.598380 0.312354 0.071759 0.018648
5 0.297454 0.332556 0.025463 0.015540
5 0.481481 0.331779 0.069444 0.017094
3 0.306713 0.350427 0.048611 0.017094
3 0.368056 0.349650 0.060185 0.015540
4 0.599537 0.347319 0.069444 0.017094
5 0.296296 0.367521 0.027778 0.017094
5 0.476852 0.365967 0.060185 0.017094
3 0.318287 0.384615 0.071759 0.017094
3 0.388889 0.384615 0.060185 0.017094
4 0.600694 0.382284 0.071759 0.018648
5 0.296296 0.402486 0.027778 0.015540
5 0.482639 0.400932 0.071759 0.015540
3 0.344907 0.418803 0.125000 0.017094
4 0.601852 0.417249 0.069444 0.017094
5 0.297454 0.436674 0.025463 0.015540
5 0.476852 0.435120 0.060185 0.015540
3 0.312500 0.454545 0.060185 0.017094
3 0.371528 0.453768 0.048611 0.015540
3 0.422454 0.452991 0.039352 0.017094
4 0.608218 0.451437 0.063657 0.020202
5 0.295139 0.472416 0.025463 0.015540
5 0.478009 0.470085 0.062500 0.017094
3 0.314815 0.488733 0.074074 0.020202
3 0.383102 0.488733 0.048611 0.017094
3 0.431713 0.487956 0.039352 0.015540
4 0.609954 0.487179 0.062500 0.017094
5 0.295139 0.507382 0.025463 0.017094
5 0.478009 0.505828 0.062500 0.017094
3 0.305556 0.526030 0.050926 0.017094
3 0.364583 0.524476 0.062500 0.017094
3 0.425926 0.523699 0.050926 0.018648
4 0.612269 0.522145 0.062500 0.018648
5 0.293981 0.543124 0.027778 0.017094
5 0.478009 0.541570 0.062500 0.017094
3 0.317130 0.560995 0.074074 0.018648
3 0.384259 0.560218 0.050926 0.017094
3 0.434028 0.560218 0.039352 0.017094
4 0.613426 0.557887 0.064815 0.018648
5 0.295139 0.578866 0.030093 0.017094
5 0.480324 0.577312 0.062500 0.017094
3 0.328704 0.596737 0.097222 0.018648
3 0.407407 0.595960 0.050926 0.017094
3 0.457176 0.595960 0.039352 0.017094
4 0.609954 0.595183 0.071759 0.018648
5 0.296296 0.616162 0.027778 0.017094
5 0.486111 0.613831 0.074074 0.018648
3 0.313657 0.634033 0.062500 0.018648
3 0.396991 0.632479 0.094907 0.018648
3 0.468750 0.631702 0.039352 0.017094
4 0.611111 0.630925 0.074074 0.018648
5 0.296296 0.653458 0.027778 0.017094
5 0.486111 0.651127 0.074074 0.018648
3 0.307870 0.671329 0.050926 0.018648
3 0.363426 0.670552 0.050926 0.017094
4 0.612269 0.668998 0.071759 0.020202
5 0.296296 0.690754 0.027778 0.017094
5 0.465278 0.687646 0.027778 0.017094
3 0.322917 0.708625 0.085648 0.018648
3 0.414352 0.707071 0.083333 0.018648
3 0.493056 0.707071 0.064815 0.018648
4 0.642361 0.707071 0.016204 0.015540
5 0.329861 0.727273 0.094907 0.018648
5 0.607639 0.726496 0.085648 0.020202
5 0.295139 0.746698 0.030093 0.017094
5 0.326389 0.747475 0.013889 0.015540
5 0.359954 0.746698 0.039352 0.017094
5 0.609375 0.744755 0.086806 0.020979
5 0.319444 0.765346 0.074074 0.017094
5 0.614583 0.764569 0.076389 0.018648
5 0.461806 0.803419 0.131944 0.018648
2 0.341435 0.822067 0.113426 0.018648
2 0.612269 0.822067 0.085648 0.018648
5 0.329861 0.840715 0.094907 0.018648
5 0.612269 0.841492 0.085648 0.020202
5 0.353009 0.860140 0.141204 0.020202
5 0.619213 0.860140 0.076389 0.020202
