3 0.237898 0.450379 0.201581 0.032110
3 0.403013 0.447621 0.128649 0.026523
5 0.158760 0.488060 0.023200 0.025269
5 0.332509 0.484398 0.118073 0.029539
4 0.824533 0.478453 0.118073 0.029539
5 0.144182 0.537172 0.081961 0.028121
5 0.246101 0.537016 0.117285 0.029539
5 0.830308 0.528391 0.118073 0.029539
2 0.167514 0.612192 0.142900 0.028276
2 0.298420 0.609829 0.120251 0.026441
2 0.838930 0.601736 0.122666 0.032718
5 0.159846 0.666980 0.133911 0.031292
5 0.271941 0.665644 0.090280 0.027622
5 0.844863 0.657923 0.122666 0.032718
5 0.174885 0.724620 0.170023 0.034853
5 0.302385 0.722298 0.086475 0.029157
5 0.893717 0.715154 0.027793 0.028448
