5 0.135266 0.652454 0.019324 0.024135
3 0.245169 0.650040 0.099034 0.025744
3 0.336957 0.646822 0.060386 0.025744
3 0.415459 0.642800 0.062802 0.027353
4 0.798309 0.631537 0.113527 0.027353
5 0.132850 0.682220 0.019324 0.025744
3 0.262077 0.680611 0.137681 0.025744
3 0.381039 0.673371 0.080918 0.030571
3 0.471014 0.671762 0.062802 0.027353
4 0.803744 0.659694 0.119565 0.030571
2 0.543478 0.752212 0.101449 0.030571
2 0.814010 0.733709 0.130435 0.054706
5 0.163043 0.827836 0.079710 0.027353
5 0.821860 0.807723 0.121981 0.033789
5 0.193841 0.856798 0.138889 0.032180
5 0.832729 0.837490 0.105072 0.030571
