3 0.169771 0.516843 0.085893 0.037950
3 0.258108 0.508682 0.084862 0.034015
5 0.490335 0.496530 0.020420 0.018712
5 0.561789 0.488037 0.114152 0.038808
4 0.746646 0.473237 0.116592 0.037287
3 0.173753 0.553111 0.085893 0.037950
3 0.273039 0.544968 0.105956 0.040032
5 0.493713 0.529624 0.021628 0.025060
5 0.573966 0.521298 0.096955 0.037024
4 0.759327 0.508539 0.099193 0.035651
3 0.221746 0.586432 0.173916 0.042028
3 0.362178 0.575638 0.096955 0.037024
5 0.497292 0.563777 0.028166 0.029886
5 0.580612 0.556211 0.097357 0.039140
4 0.764641 0.544130 0.102261 0.036709
5 0.192968 0.627179 0.102261 0.036709
5 0.762790 0.580464 0.114330 0.035022
5 0.183723 0.705277 0.065829 0.035868
5 0.272978 0.698175 0.105956 0.040032
5 0.342998 0.689831 0.033898 0.030481
5 0.783550 0.651134 0.099798 0.038825
2 0.203256 0.742630 0.102261 0.036709
2 0.311756 0.732991 0.105956 0.040032
2 0.779034 0.688295 0.118002 0.034559
5 0.209073 0.780866 0.099395 0.036412
5 0.784550 0.725473 0.120667 0.032740
5 0.230856 0.818069 0.133789 0.039071
5 0.797846 0.761304 0.102625 0.030390
