3 0.298769 0.492258 0.087724 0.030452
3 0.355429 0.500254 0.025231 0.020834
4 0.793698 0.558130 0.085101 0.032103
3 0.287919 0.516452 0.087724 0.030452
3 0.345891 0.525671 0.021342 0.018386
4 0.783481 0.580274 0.098124 0.033696
3 0.277069 0.540645 0.087724 0.030452
3 0.356836 0.550405 0.071445 0.028460
3 0.431720 0.559567 0.084468 0.030054
3 0.501720 0.568131 0.055166 0.026468
4 0.781719 0.602389 0.100747 0.032045
5 0.276847 0.590597 0.130682 0.037680
5 0.773042 0.652370 0.102013 0.036144
5 0.227922 0.612259 0.062310 0.029315
5 0.302806 0.621421 0.088357 0.032501
5 0.775532 0.677132 0.088357 0.032501
5 0.219608 0.666537 0.091613 0.032900
5 0.786752 0.733801 0.046031 0.027323
2 0.200980 0.694033 0.078589 0.031306
2 0.262840 0.701602 0.046031 0.027323
2 0.329585 0.709768 0.088357 0.032501
2 0.751845 0.759304 0.105902 0.038592
5 0.176748 0.750617 0.078589 0.031306
5 0.719790 0.813868 0.154106 0.042518
5 0.720112 0.870267 0.143343 0.037423
5 0.164093 0.811257 0.112143 0.038165
