3 0.250285 0.569101 0.178524 0.036416
3 0.403480 0.567476 0.112485 0.033350
5 0.135140 0.571747 0.036502 0.038171
4 0.755491 0.567053 0.132964 0.040453
3 0.207832 0.607507 0.102334 0.033230
3 0.301800 0.605756 0.076928 0.031786
5 0.134967 0.611225 0.031397 0.036967
4 0.765557 0.603219 0.127918 0.041537
3 0.218700 0.645399 0.125960 0.031221
3 0.321186 0.641459 0.073603 0.034034
3 0.404575 0.638576 0.074468 0.035464
5 0.129822 0.646638 0.032971 0.032411
4 0.759463 0.642637 0.137980 0.038205
5 0.453051 0.711104 0.173605 0.032303
5 0.756329 0.711286 0.152232 0.042921
5 0.500396 0.746565 0.082180 0.038710
5 0.774894 0.753448 0.142169 0.041084
2 0.265161 0.845052 0.230535 0.066083
2 0.696848 0.839286 0.280888 0.070790
