3 0.273438 0.531250 0.164931 0.037037
3 0.387153 0.532407 0.052083 0.023148
5 0.392361 0.560185 0.104167 0.023148
5 0.513889 0.563657 0.034722 0.020833
4 0.732639 0.568287 0.104167 0.025463
3 0.294271 0.585069 0.203125 0.028935
3 0.436632 0.587963 0.074653 0.027778
3 0.523438 0.590856 0.092014 0.026620
5 0.390625 0.616898 0.100694 0.025463
5 0.512153 0.619213 0.038194 0.020833
4 0.736111 0.623843 0.111111 0.025463
3 0.280382 0.643519 0.196181 0.030093
3 0.413194 0.648148 0.055556 0.027778
3 0.498264 0.646991 0.100694 0.025463
5 0.428819 0.674769 0.024306 0.020833
5 0.512153 0.675926 0.045139 0.023148
4 0.777778 0.682870 0.027778 0.023148
5 0.215278 0.734954 0.090278 0.025463
5 0.312500 0.734954 0.083333 0.025463
5 0.519097 0.736111 0.024306 0.023148
2 0.215278 0.797454 0.111111 0.025463
2 0.708333 0.803241 0.111111 0.027778
5 0.197917 0.828704 0.076389 0.027778
5 0.237847 0.862269 0.163194 0.025463
5 0.777778 0.865741 0.118056 0.027778
5 0.219618 0.898148 0.130208 0.030093
5 0.789931 0.896991 0.100694 0.025463
