3 0.256293 0.540527 0.142795 0.018555
3 0.384983 0.541504 0.096354 0.016602
3 0.496962 0.541504 0.109375 0.016602
5 0.385851 0.563965 0.098090 0.017578
5 0.504557 0.563965 0.035156 0.015625
4 0.718316 0.561890 0.099826 0.017822
3 0.294271 0.588135 0.218750 0.019531
3 0.446181 0.587402 0.066840 0.018555
5 0.385851 0.609741 0.098090 0.017822
5 0.506293 0.609863 0.035156 0.015625
4 0.720052 0.609741 0.099826 0.017822
3 0.278429 0.635986 0.191406 0.020996
3 0.408637 0.634766 0.056858 0.021484
3 0.491319 0.632202 0.098090 0.016846
5 0.423828 0.656128 0.022135 0.016846
5 0.506293 0.655518 0.035156 0.015625
4 0.761936 0.657104 0.020399 0.018799
5 0.223958 0.709717 0.087674 0.020996
5 0.315538 0.706665 0.079861 0.017822
5 0.515408 0.701904 0.020399 0.016602
2 0.228516 0.758423 0.101997 0.023682
2 0.694227 0.750488 0.102865 0.022461
5 0.222656 0.809692 0.091146 0.023193
5 0.310113 0.804077 0.074219 0.022705
5 0.760851 0.801758 0.106771 0.022461
