5 0.112269 0.638117 0.016204 0.023148
3 0.225694 0.635031 0.085648 0.026235
3 0.314815 0.631944 0.050926 0.026235
4 0.810185 0.623457 0.120370 0.024691
5 0.112269 0.669753 0.020833 0.024691
3 0.234954 0.667438 0.106481 0.026235
3 0.353588 0.661265 0.103009 0.029321
3 0.475694 0.658565 0.120370 0.030093
4 0.820602 0.652778 0.099537 0.024691
5 0.111111 0.702160 0.018519 0.024691
3 0.255787 0.697917 0.148148 0.030093
3 0.381366 0.691358 0.086806 0.030864
3 0.467593 0.687500 0.050926 0.026235
4 0.811921 0.682099 0.116898 0.027778
2 0.543981 0.773148 0.097222 0.027778
2 0.814815 0.754630 0.129630 0.049383
5 0.815394 0.820988 0.119213 0.029321
5 0.146412 0.848380 0.089120 0.028549
5 0.862269 0.850309 0.025463 0.024691
5 0.176505 0.877701 0.149306 0.031636
