5 0.107159 0.602807 0.090047 0.034133
3 0.230878 0.594134 0.129779 0.042368
3 0.346540 0.588148 0.102024 0.039948
5 0.309236 0.625818 0.179806 0.046328
5 0.489836 0.615998 0.050266 0.038000
4 0.752187 0.600255 0.180142 0.048119
5 0.129258 0.704599 0.112992 0.038816
5 0.246291 0.699053 0.110586 0.039036
5 0.510686 0.682634 0.027995 0.037812
2 0.149940 0.770338 0.134926 0.043940
2 0.730464 0.742058 0.176727 0.044316
5 0.140751 0.803907 0.088652 0.040420
5 0.191017 0.833421 0.181201 0.039601
5 0.807714 0.797583 0.191832 0.042273
5 0.181997 0.869348 0.146230 0.041236
5 0.811056 0.825463 0.187743 0.039821
