3 0.271600 0.507917 0.082923 0.034155
3 0.368147 0.507523 0.083574 0.034037
3 0.482953 0.506180 0.117312 0.034554
5 0.262193 0.546649 0.018861 0.028821
5 0.416865 0.545931 0.140091 0.034585
4 0.794651 0.542975 0.126127 0.035422
3 0.271558 0.585022 0.080796 0.035863
3 0.369700 0.586002 0.083000 0.035925
3 0.474057 0.583170 0.103369 0.037021
3 0.569446 0.584516 0.063167 0.035369
5 0.263215 0.624670 0.018861 0.028821
5 0.417137 0.623671 0.138667 0.035147
4 0.797780 0.623271 0.130573 0.034661
5 0.319938 0.702925 0.180538 0.034857
5 0.800851 0.704895 0.130496 0.034661
2 0.463567 0.799570 0.216654 0.068391
2 0.802698 0.801994 0.141682 0.069400
5 0.259748 0.902855 0.089366 0.034736
5 0.808190 0.904070 0.131559 0.039056
5 0.288914 0.947111 0.151470 0.041382
5 0.860373 0.947189 0.027907 0.034379
