3 0.325595 0.550730 0.130238 0.034051
3 0.460929 0.552120 0.104190 0.034051
4 0.825028 0.551772 0.161948 0.033356
3 0.343715 0.587213 0.180068 0.036136
3 0.491506 0.589646 0.081540 0.034051
4 0.815968 0.589646 0.150623 0.034051
5 0.318233 0.625434 0.104190 0.033356
5 0.425255 0.624392 0.073613 0.031272
5 0.827860 0.662265 0.131370 0.037526
5 0.312571 0.698402 0.106455 0.034746
5 0.845980 0.701181 0.101925 0.037526
5 0.497169 0.736275 0.097395 0.035441
5 0.637033 0.734885 0.125708 0.035441
2 0.324462 0.770327 0.132503 0.036831
2 0.819932 0.773801 0.154020 0.039611
5 0.350510 0.807853 0.193658 0.034051
5 0.805776 0.812022 0.182333 0.038221
5 0.335221 0.844684 0.156285 0.034051
5 0.823896 0.850243 0.150623 0.038221
