3 0.293897 0.337364 0.163558 0.043971
3 0.397465 0.342744 0.022032 0.035864
5 0.572948 0.343575 0.109027 0.045956
5 0.699789 0.344367 0.021911 0.032351
4 0.859596 0.343993 0.112498 0.046079
3 0.265764 0.377295 0.121856 0.048583
3 0.346747 0.383225 0.022032 0.035864
5 0.570932 0.385851 0.115968 0.046202
5 0.702978 0.386459 0.025624 0.039499
4 0.861110 0.387903 0.112619 0.049592
3 0.247326 0.421910 0.084737 0.045098
3 0.335128 0.424082 0.083806 0.049932
5 0.598473 0.428841 0.063795 0.040849
5 0.702758 0.430430 0.022032 0.035864
4 0.886855 0.429198 0.063795 0.040849
5 0.443210 0.560945 0.063795 0.040849
5 0.526554 0.559757 0.098617 0.045588
5 0.868844 0.561725 0.115968 0.046202
5 0.297064 0.604799 0.102208 0.049224
5 0.430784 0.603589 0.154260 0.051064
5 0.547214 0.604749 0.060446 0.044239
5 0.880829 0.607024 0.102087 0.045711
2 0.217799 0.698250 0.104505 0.043971
2 0.880449 0.696723 0.116089 0.049714
5 0.527831 0.747876 0.102208 0.049224
5 0.647611 0.745400 0.119438 0.046324
5 0.875145 0.744391 0.136788 0.046938
5 0.555523 0.795287 0.161823 0.048867
5 0.866371 0.792181 0.123029 0.049960
