5 0.120520 0.328816 0.031413 0.034627
3 0.253450 0.328038 0.211632 0.040139
3 0.451637 0.327122 0.168136 0.040182
4 0.892672 0.340509 0.143786 0.041833
5 0.232841 0.409606 0.185188 0.040638
5 0.883520 0.422920 0.140603 0.044015
5 0.196758 0.452888 0.123996 0.041360
5 0.310665 0.453351 0.081118 0.040333
5 0.878264 0.461279 0.113986 0.038862
2 0.196334 0.493626 0.120698 0.041281
2 0.863966 0.498856 0.135713 0.038632
5 0.112112 0.493874 0.031413 0.034627
5 0.203616 0.577562 0.153681 0.042070
5 0.876426 0.578973 0.144990 0.044166
