3 0.171756 0.502685 0.223966 0.027804
3 0.332446 0.499644 0.071646 0.023718
5 0.341850 0.536152 0.136052 0.029053
5 0.504292 0.535379 0.048020 0.025727
4 0.802253 0.540434 0.148169 0.036054
3 0.197331 0.575621 0.264687 0.032859
3 0.374167 0.575250 0.075510 0.032357
3 0.476447 0.571182 0.112367 0.028774
5 0.394553 0.611056 0.034545 0.027855
5 0.506211 0.609738 0.048079 0.028015
4 0.858487 0.620456 0.034604 0.030143
5 0.127448 0.687446 0.112367 0.028774
5 0.248382 0.684875 0.112759 0.028446
5 0.521635 0.682794 0.034545 0.027855
2 0.136966 0.760572 0.141039 0.038185
2 0.764871 0.762887 0.146654 0.040710
5 0.120236 0.801403 0.102068 0.029738
5 0.169293 0.833428 0.201736 0.038904
5 0.853234 0.843092 0.153510 0.042958
5 0.153365 0.871951 0.167930 0.037361
5 0.852473 0.879148 0.150156 0.044142
