5 0.225923 0.375707 0.021273 0.018590
3 0.308358 0.377631 0.118547 0.023877
3 0.417758 0.382439 0.086730 0.024569
3 0.503720 0.382191 0.071118 0.022769
4 0.772798 0.382426 0.107412 0.026632
5 0.227117 0.396140 0.021352 0.020100
3 0.276764 0.398055 0.057567 0.022453
3 0.346719 0.400808 0.073179 0.023498
3 0.441557 0.403413 0.102737 0.023507
4 0.764314 0.404145 0.119991 0.025465
5 0.223754 0.417222 0.021352 0.020100
3 0.296978 0.421968 0.107057 0.031029
3 0.417907 0.423266 0.120726 0.022420
3 0.518450 0.424857 0.073376 0.022822
4 0.770471 0.426961 0.107491 0.028142
5 0.311846 0.462356 0.138873 0.024351
5 0.762577 0.469854 0.123221 0.027001
5 0.277915 0.484237 0.073376 0.022822
5 0.353575 0.486003 0.053050 0.022348
5 0.414555 0.487426 0.053050 0.022348
5 0.762523 0.492525 0.120963 0.026949
5 0.259872 0.504976 0.039499 0.022031
5 0.309559 0.506136 0.039499 0.022031
5 0.770374 0.515381 0.107412 0.026632
5 0.266554 0.528561 0.055387 0.023910
5 0.334349 0.529387 0.055308 0.022400
5 0.770320 0.538052 0.105153 0.026580
2 0.321314 0.573294 0.165122 0.025765
2 0.705340 0.580747 0.225944 0.034631
5 0.260772 0.617604 0.057646 0.023963
5 0.336511 0.617860 0.073455 0.024332
5 0.759982 0.627745 0.121042 0.028458
