5 0.144097 0.271991 0.158565 0.039352
5 0.300926 0.275463 0.150463 0.040123
3 0.149884 0.313272 0.179398 0.043210
4 0.822338 0.325617 0.133102 0.037037
5 0.096065 0.355324 0.062500 0.039352
5 0.211227 0.355710 0.156250 0.038580
3 0.092593 0.396605 0.055556 0.037037
3 0.200231 0.398148 0.131944 0.040123
3 0.300347 0.398148 0.056713 0.041667
3 0.411458 0.400463 0.146991 0.038580
4 0.821759 0.404321 0.136574 0.038580
5 0.096644 0.442130 0.054398 0.040123
5 0.209491 0.441358 0.150463 0.040123
3 0.090278 0.483025 0.060185 0.043210
3 0.208333 0.481096 0.152778 0.039352
3 0.336227 0.481096 0.079861 0.042438
4 0.822338 0.482639 0.137731 0.037809
5 0.135995 0.525077 0.156250 0.040895
5 0.300347 0.522762 0.151620 0.040895
3 0.112847 0.566744 0.107639 0.039352
3 0.273727 0.565972 0.200231 0.040895
3 0.436921 0.563272 0.105324 0.043210
4 0.836227 0.563657 0.121528 0.039352
5 0.137731 0.609954 0.157407 0.039352
5 0.298611 0.606867 0.159722 0.042438
3 0.123264 0.651620 0.133102 0.039352
3 0.263310 0.648534 0.135417 0.043981
4 0.837963 0.643904 0.122685 0.040895
5 0.119213 0.696373 0.129630 0.042438
5 0.273727 0.692515 0.149306 0.047068
3 0.116319 0.739969 0.142361 0.046296
3 0.258681 0.735725 0.128472 0.043981
4 0.840278 0.728009 0.131944 0.045525
5 0.131366 0.785108 0.156250 0.045525
5 0.306134 0.779321 0.177083 0.044753
3 0.103588 0.828704 0.121528 0.046296
3 0.248264 0.825617 0.163194 0.046296
4 0.831597 0.812500 0.149306 0.047840
5 0.152778 0.871528 0.208333 0.047068
5 0.858218 0.853781 0.144676 0.045525
5 0.202546 0.915509 0.222222 0.043981
5 0.835648 0.896991 0.152778 0.047068
2 0.838542 0.979552 0.142361 0.040895
