5 0.200231 0.415730 0.043981 0.028892
5 0.304398 0.414928 0.131944 0.030498
4 0.700231 0.408507 0.131944 0.030498
3 0.210648 0.451043 0.064815 0.028892
3 0.270833 0.450241 0.023148 0.024077
3 0.376736 0.448636 0.153935 0.030498
5 0.231481 0.530096 0.113426 0.036116
5 0.328704 0.528090 0.046296 0.032103
2 0.265046 0.566613 0.175926 0.036918
2 0.639468 0.562199 0.262731 0.036116
5 0.234375 0.604334 0.114583 0.035313
5 0.697917 0.599518 0.152778 0.032103
5 0.244792 0.641653 0.135417 0.036116
5 0.708333 0.637239 0.134259 0.032103
