3 0.180812 0.559502 0.082028 0.023838
3 0.270185 0.559791 0.075202 0.022233
3 0.374261 0.560253 0.111435 0.024184
3 0.496454 0.560165 0.106911 0.024131
3 0.571083 0.561806 0.025436 0.021647
4 0.821065 0.563986 0.113776 0.027262
3 0.155080 0.592003 0.023174 0.021621
3 0.200342 0.591773 0.045834 0.023412
3 0.264831 0.591769 0.061708 0.025124
4 0.829284 0.596124 0.113776 0.027262
5 0.205996 0.657223 0.156703 0.022130
5 0.835583 0.658755 0.116038 0.027288
5 0.159300 0.691229 0.063971 0.025151
5 0.255478 0.691210 0.094416 0.027140
5 0.853376 0.692532 0.099992 0.029348
2 0.157464 0.762156 0.086631 0.026942
2 0.237827 0.760813 0.043612 0.024911
2 0.319878 0.759872 0.095527 0.027114
2 0.855012 0.760449 0.120312 0.030634
5 0.158922 0.836937 0.088893 0.026969
5 0.837243 0.835003 0.183650 0.032939
5 0.169389 0.913349 0.127349 0.027421
5 0.847740 0.910271 0.165613 0.033941
