5 0.187354 0.472222 0.014052 0.021605
3 0.271663 0.471451 0.117096 0.026235
3 0.409836 0.471451 0.135831 0.026235
3 0.538056 0.471836 0.101874 0.030093
4 0.793911 0.475309 0.112412 0.027778
5 0.187354 0.503086 0.014052 0.021605
3 0.252927 0.501543 0.079625 0.024691
3 0.355972 0.501543 0.098361 0.027778
3 0.446136 0.502315 0.058548 0.026235
3 0.548009 0.502315 0.117096 0.026235
4 0.790398 0.505401 0.119438 0.026235
5 0.188525 0.533179 0.016393 0.023148
3 0.261124 0.531636 0.100703 0.026235
3 0.372365 0.531636 0.098361 0.026235
3 0.490632 0.531636 0.114754 0.026235
3 0.620609 0.533179 0.117096 0.026235
4 0.788642 0.535494 0.125293 0.032407
2 0.305621 0.603395 0.194379 0.049383
2 0.716042 0.606867 0.270492 0.057870
5 0.285129 0.652006 0.162763 0.052469
5 0.714871 0.656250 0.268150 0.057870
