3 0.152909 0.438552 0.188675 0.055950
3 0.319896 0.420771 0.152588 0.046452
4 0.764608 0.389557 0.147702 0.043838
5 0.117059 0.479216 0.103119 0.043481
5 0.229958 0.465520 0.129148 0.041899
5 0.350267 0.451825 0.108415 0.042756
5 0.174908 0.539834 0.192742 0.057580
5 0.767211 0.490334 0.141298 0.042441
5 0.153100 0.574546 0.133788 0.050494
5 0.259246 0.560798 0.080129 0.036441
5 0.779806 0.523314 0.121017 0.041097
2 0.164075 0.604899 0.126686 0.047673
2 0.770540 0.555257 0.139122 0.038558
5 0.173585 0.662200 0.108294 0.043973
5 0.773686 0.616958 0.137562 0.037963
