5 0.263112 0.475636 0.018460 0.024087
3 0.336935 0.472669 0.115765 0.030509
3 0.466109 0.467826 0.151108 0.031394
4 0.734792 0.457800 0.110037 0.035581
5 0.493282 0.525786 0.116439 0.030680
5 0.742849 0.517949 0.107117 0.036232
5 0.520556 0.554640 0.055320 0.032266
5 0.753921 0.550500 0.090638 0.034728
2 0.508910 0.591744 0.101124 0.036576
2 0.736576 0.584828 0.132144 0.039723
5 0.506109 0.621501 0.104310 0.034759
5 0.738204 0.617087 0.134729 0.041812
5 0.447283 0.652619 0.082204 0.032400
5 0.521571 0.650610 0.075501 0.030276
5 0.794200 0.642502 0.019524 0.026105
5 0.465341 0.681591 0.080429 0.030447
5 0.532194 0.683778 0.057166 0.036789
5 0.796655 0.673098 0.020368 0.027342
