3 0.126986 0.618499 0.089785 0.032687
3 0.226896 0.618106 0.089492 0.032101
3 0.361048 0.618148 0.151419 0.033470
5 0.500336 0.618256 0.023585 0.031847
5 0.592807 0.618600 0.130914 0.034870
4 0.820002 0.618993 0.128671 0.036502
5 0.133349 0.662606 0.109148 0.031273
5 0.825243 0.662255 0.132784 0.034872
5 0.111302 0.748718 0.069200 0.030765
5 0.215739 0.750044 0.109997 0.033501
5 0.296246 0.749405 0.032676 0.030302
5 0.840232 0.751745 0.116805 0.035906
2 0.130811 0.792162 0.110290 0.031287
2 0.252959 0.792882 0.108047 0.032919
2 0.826581 0.796844 0.132784 0.034872
5 0.134381 0.833742 0.110290 0.031287
5 0.831823 0.840107 0.135440 0.033267
5 0.153949 0.874694 0.146774 0.030090
5 0.858240 0.881146 0.066917 0.030737
