3 0.214537 0.463445 0.150661 0.026022
3 0.369163 0.464064 0.144493 0.022305
5 0.152423 0.501239 0.017621 0.022305
5 0.331278 0.501239 0.107489 0.024783
4 0.836123 0.500000 0.112775 0.024783
5 0.140969 0.553903 0.079295 0.023544
5 0.243172 0.553903 0.118062 0.023544
5 0.837885 0.553903 0.112775 0.026022
2 0.225991 0.628253 0.254626 0.027261
2 0.839648 0.630731 0.112775 0.026022
5 0.154185 0.685874 0.116300 0.024783
5 0.258590 0.683395 0.083700 0.026022
5 0.841410 0.688971 0.112775 0.026022
5 0.174009 0.742255 0.161233 0.028501
5 0.298678 0.739777 0.079295 0.026022
5 0.885463 0.746592 0.024670 0.022305
