3 0.228895 0.394825 0.063905 0.028201
3 0.412840 0.392655 0.273805 0.030677
4 0.754279 0.391298 0.125953 0.035744
3 0.269220 0.426391 0.147414 0.029186
4 0.755681 0.423704 0.122587 0.028893
3 0.227749 0.460066 0.065872 0.032062
3 0.297151 0.458866 0.043553 0.026436
3 0.374998 0.457185 0.081961 0.028414
4 0.757637 0.455723 0.120330 0.028867
5 0.220112 0.491816 0.045810 0.026463
5 0.559809 0.488572 0.100816 0.030179
3 0.257655 0.524559 0.125933 0.032720
3 0.366535 0.522893 0.066162 0.028228
3 0.433671 0.522108 0.046958 0.027988
4 0.758202 0.522469 0.118073 0.031128
5 0.453118 0.553532 0.081981 0.027652
5 0.559236 0.553799 0.099958 0.026326
5 0.349629 0.589465 0.315441 0.037245
5 0.755244 0.581628 0.120330 0.028867
5 0.225875 0.627543 0.068458 0.029780
5 0.310453 0.624257 0.061648 0.028175
5 0.765664 0.613547 0.101145 0.033163
2 0.245927 0.660867 0.111262 0.033296
2 0.759195 0.647190 0.118112 0.030366
5 0.274481 0.695630 0.164341 0.035461
5 0.751579 0.680466 0.137218 0.034352
5 0.255113 0.732478 0.134961 0.036613
5 0.770491 0.713047 0.105640 0.033979
