3 0.177244 0.598094 0.241858 0.051167
3 0.347911 0.588038 0.099282 0.039728
5 0.307696 0.625818 0.182211 0.049911
5 0.486589 0.615103 0.054740 0.032625
4 0.751153 0.601151 0.187695 0.050351
5 0.130629 0.705494 0.109576 0.037025
5 0.244752 0.698157 0.119822 0.038565
5 0.511023 0.685887 0.032805 0.030865
2 0.151311 0.771124 0.137668 0.042808
2 0.730127 0.741052 0.182211 0.049911
5 0.137841 0.803121 0.098609 0.036145
5 0.192051 0.832416 0.184616 0.038030
5 0.807378 0.796687 0.202799 0.044504
5 0.179784 0.863407 0.148635 0.043688
5 0.776783 0.826421 0.119870 0.034322
