3 0.278924 0.417307 0.135995 0.035693
3 0.409466 0.403658 0.130872 0.032365
5 0.232479 0.455360 0.016108 0.019404
5 0.385113 0.439793 0.098806 0.031083
4 0.809002 0.395278 0.103533 0.035747
5 0.230180 0.501572 0.071070 0.027796
5 0.318825 0.492713 0.105007 0.030120
5 0.821054 0.439466 0.103400 0.034985
2 0.313718 0.554247 0.221813 0.044699
2 0.843900 0.498949 0.103117 0.031457
5 0.248838 0.609358 0.097199 0.032326
5 0.326573 0.600292 0.061900 0.026379
5 0.851424 0.548555 0.118469 0.034290
5 0.314556 0.653914 0.224365 0.047933
5 0.872011 0.597801 0.099070 0.032606
