3 0.170049 0.478688 0.081945 0.034489
3 0.251186 0.480323 0.058782 0.034219
3 0.352555 0.479786 0.124655 0.035995
3 0.469366 0.480359 0.078084 0.034444
4 0.799533 0.480378 0.151500 0.037880
5 0.433126 0.516287 0.098407 0.038540
5 0.561080 0.517359 0.112997 0.041300
5 0.312045 0.555754 0.379442 0.039473
5 0.803485 0.557763 0.155360 0.037925
5 0.159570 0.594957 0.085805 0.034534
5 0.258045 0.595099 0.082012 0.037069
5 0.818041 0.597599 0.128404 0.040190
2 0.177987 0.634749 0.128337 0.037610
2 0.809434 0.637706 0.155360 0.037925
5 0.208983 0.675684 0.197935 0.039010
5 0.812409 0.677677 0.159288 0.040550
