5 0.156591 0.521229 0.045538 0.037831
3 0.260093 0.524464 0.143950 0.040907
3 0.425645 0.526598 0.176856 0.038983
4 0.835650 0.533332 0.127219 0.046452
5 0.633617 0.530058 0.144187 0.046983
5 0.212621 0.565560 0.086260 0.039104
5 0.295881 0.565121 0.069292 0.038573
5 0.200900 0.604731 0.065899 0.038467
5 0.521841 0.695359 0.082985 0.042035
5 0.883369 0.703619 0.025058 0.034157
5 0.476066 0.736508 0.178003 0.045006
5 0.832445 0.746127 0.130613 0.046558
2 0.503252 0.779937 0.120314 0.043202
2 0.830726 0.790173 0.130494 0.043521
5 0.510136 0.821210 0.103228 0.039634
5 0.830764 0.832753 0.127101 0.043414
5 0.488153 0.905681 0.140793 0.046876
5 0.876652 0.919346 0.028689 0.040338
