3 0.222982 0.393130 0.309166 0.032443
5 0.506156 0.393130 0.027360 0.028626
4 0.759918 0.392176 0.149111 0.036260
3 0.194254 0.433206 0.246238 0.032443
5 0.506156 0.433206 0.027360 0.028626
4 0.760602 0.432252 0.147743 0.034351
3 0.168263 0.472328 0.199726 0.030534
5 0.506156 0.472328 0.027360 0.030534
4 0.752394 0.473282 0.169631 0.032443
3 0.123119 0.513359 0.109439 0.028626
5 0.506156 0.513359 0.027360 0.028626
4 0.761970 0.514313 0.145007 0.034351
3 0.172367 0.553435 0.207934 0.032443
3 0.340629 0.552481 0.117647 0.030534
5 0.506156 0.552481 0.027360 0.030534
4 0.760602 0.554389 0.147743 0.034351
3 0.135431 0.592557 0.128591 0.030534
3 0.284542 0.592557 0.158687 0.030534
5 0.506156 0.593511 0.027360 0.032443
4 0.761970 0.594466 0.145007 0.034351
5 0.161423 0.630725 0.180575 0.034351
3 0.179207 0.663168 0.216142 0.030534
5 0.506156 0.663168 0.027360 0.030534
4 0.815321 0.664122 0.032832 0.028626
5 0.143639 0.697519 0.139535 0.030534
5 0.236662 0.698473 0.035568 0.028626
5 0.116279 0.749046 0.084815 0.026718
5 0.213406 0.750000 0.103967 0.028626
5 0.751026 0.753817 0.172367 0.032443
5 0.148427 0.781011 0.146375 0.031489
5 0.760602 0.790076 0.147743 0.032443
5 0.121751 0.812977 0.090287 0.028626
5 0.760602 0.824427 0.147743 0.032443
5 0.169631 0.848282 0.169631 0.026718
5 0.813953 0.859733 0.035568 0.026718
2 0.175787 0.901240 0.173735 0.033397
2 0.731874 0.914122 0.199726 0.040076
