5 0.103781 0.317417 0.056327 0.017665
5 0.520448 0.319349 0.152006 0.018769
3 0.130015 0.338670 0.108796 0.017665
3 0.280093 0.339222 0.165123 0.018769
4 0.787037 0.341016 0.157407 0.020149
5 0.128472 0.358819 0.105710 0.017665
5 0.253858 0.359923 0.104938 0.017665
5 0.763889 0.361579 0.203704 0.018769
5 0.151620 0.379382 0.158179 0.019045
5 0.775463 0.382832 0.180556 0.018769
5 0.102238 0.400497 0.059414 0.018769
5 0.512346 0.401739 0.128086 0.019045
3 0.227238 0.421750 0.309414 0.018769
4 0.791667 0.424096 0.148148 0.019045
5 0.126929 0.443003 0.108796 0.018769
5 0.251929 0.443003 0.108796 0.018769
5 0.767361 0.444107 0.204475 0.018769
5 0.153164 0.463428 0.161265 0.017665
5 0.792052 0.465360 0.155093 0.018769
5 0.105710 0.485371 0.052469 0.019045
5 0.476080 0.484681 0.055556 0.017665
3 0.126929 0.506486 0.108796 0.018769
3 0.265046 0.506486 0.135031 0.018769
4 0.856096 0.505934 0.033179 0.017665
5 0.103781 0.527739 0.056327 0.018769
5 0.477623 0.527739 0.058642 0.018769
3 0.161651 0.549545 0.184414 0.019873
3 0.352238 0.548993 0.158179 0.018769
4 0.859568 0.548441 0.032407 0.017665
5 0.103781 0.571350 0.056327 0.018769
5 0.479167 0.570798 0.055556 0.017665
3 0.151620 0.591913 0.158179 0.020149
3 0.314429 0.591361 0.135031 0.019045
4 0.859568 0.590119 0.032407 0.016561
5 0.103781 0.613718 0.056327 0.019045
5 0.479167 0.613718 0.055556 0.019045
3 0.151620 0.635523 0.158179 0.020149
3 0.314429 0.634833 0.135031 0.018769
4 0.859568 0.632625 0.032407 0.016561
5 0.103781 0.657190 0.056327 0.018769
5 0.479167 0.655534 0.055556 0.017665
3 0.140046 0.678443 0.135031 0.018769
4 0.859568 0.674303 0.032407 0.017665
5 0.105710 0.700800 0.052469 0.018769
5 0.479167 0.698592 0.055556 0.018769
3 0.140046 0.722054 0.135031 0.018769
4 0.863040 0.717913 0.033179 0.017665
5 0.467978 0.741237 0.278549 0.023461
5 0.179784 0.764974 0.214506 0.020149
5 0.805170 0.762076 0.155093 0.020977
2 0.204475 0.786641 0.251543 0.022081
2 0.806713 0.783881 0.158179 0.019873
5 0.177855 0.808584 0.204475 0.020149
5 0.798611 0.806928 0.180556 0.021253
5 0.227238 0.831217 0.310957 0.023461
5 0.810185 0.829285 0.157407 0.021253
