3 0.168517 0.538271 0.050454 0.023388
3 0.242684 0.537916 0.063572 0.022679
4 0.712412 0.537562 0.092836 0.021970
5 0.122603 0.537208 0.011100 0.021262
3 0.179112 0.565556 0.067608 0.024096
4 0.711907 0.564848 0.097881 0.024096
5 0.122099 0.563785 0.020182 0.024805
5 0.258829 0.593551 0.257316 0.026223
5 0.598385 0.591779 0.096872 0.022679
3 0.172048 0.619773 0.049445 0.023388
3 0.258829 0.619064 0.093845 0.021970
3 0.347124 0.619773 0.048436 0.023388
4 0.711403 0.620482 0.096872 0.024805
5 0.123108 0.621191 0.014127 0.024805
3 0.177094 0.647413 0.059536 0.020553
3 0.266902 0.648122 0.079717 0.021970
4 0.711907 0.648831 0.095863 0.024805
5 0.123108 0.646704 0.012109 0.024805
3 0.202825 0.677179 0.113017 0.024805
3 0.331483 0.676471 0.112008 0.023388
3 0.446519 0.677179 0.085772 0.024805
3 0.541372 0.677534 0.079717 0.025514
4 0.703835 0.677179 0.114026 0.027640
5 0.123108 0.676471 0.018163 0.023388
5 0.194248 0.705174 0.126135 0.028349
5 0.590817 0.705528 0.112008 0.024805
5 0.195257 0.733168 0.095863 0.023388
5 0.703835 0.734231 0.112008 0.026931
5 0.203330 0.760454 0.112008 0.022679
5 0.323915 0.760808 0.096872 0.026223
5 0.713925 0.760808 0.097881 0.024805
5 0.170030 0.788094 0.045409 0.024096
5 0.711907 0.788094 0.095863 0.024096
2 0.227043 0.842310 0.159435 0.024805
2 0.647830 0.843373 0.226034 0.025514
