3 0.288357 0.461096 0.120036 0.026387
3 0.397112 0.459743 0.086643 0.023681
5 0.248195 0.487145 0.030686 0.021651
5 0.358755 0.486806 0.085740 0.022327
4 0.631769 0.485792 0.092058 0.025710
3 0.258123 0.521989 0.063177 0.020974
3 0.328069 0.521313 0.064079 0.020974
5 0.242780 0.547700 0.028881 0.022327
5 0.356047 0.546685 0.085740 0.021651
4 0.635830 0.542625 0.085740 0.024357
5 0.280686 0.600474 0.120939 0.025034
5 0.567690 0.598444 0.032491 0.026387
5 0.639440 0.597091 0.092960 0.023681
5 0.242780 0.629905 0.046931 0.024357
5 0.329874 0.629905 0.098375 0.027064
5 0.584386 0.627537 0.035199 0.029093
5 0.647563 0.625169 0.076715 0.023004
2 0.253159 0.688092 0.078520 0.024357
2 0.571751 0.686062 0.033394 0.028417
2 0.644856 0.683694 0.094765 0.025034
5 0.252256 0.717862 0.078520 0.027064
5 0.571751 0.715156 0.031588 0.025710
5 0.646209 0.713802 0.093863 0.025710
