5 0.100694 0.278560 0.053241 0.031299
5 0.196181 0.280908 0.119213 0.035994
3 0.101852 0.316901 0.055556 0.032864
3 0.186921 0.318858 0.096065 0.035211
3 0.301505 0.321596 0.112269 0.035994
4 0.778935 0.321596 0.108796 0.032864
5 0.123843 0.356025 0.097222 0.035994
5 0.271412 0.357981 0.170139 0.035211
5 0.807870 0.359155 0.087963 0.032864
5 0.103009 0.394366 0.053241 0.031299
5 0.200231 0.395149 0.113426 0.032864
3 0.136574 0.431925 0.115741 0.031299
3 0.233796 0.431925 0.050926 0.031299
3 0.362269 0.432707 0.187500 0.032864
4 0.782407 0.431142 0.111111 0.032864
5 0.126157 0.470266 0.094907 0.032864
5 0.273148 0.470266 0.171296 0.032864
5 0.813657 0.468701 0.085648 0.032864
5 0.105324 0.508607 0.053241 0.031299
5 0.201389 0.507825 0.115741 0.032864
3 0.170718 0.545775 0.181713 0.036776
3 0.335069 0.542645 0.130787 0.035211
3 0.437500 0.541471 0.046296 0.031299
4 0.787037 0.542254 0.111111 0.032864
5 0.128472 0.585290 0.094907 0.034429
5 0.273727 0.581768 0.174769 0.035211
5 0.815972 0.579812 0.085648 0.032864
5 0.106481 0.624413 0.055556 0.034429
5 0.213542 0.619718 0.135417 0.037559
3 0.145833 0.660407 0.141204 0.040689
3 0.255787 0.657277 0.048611 0.031299
3 0.346065 0.654930 0.108796 0.032864
4 0.780671 0.652973 0.135417 0.038341
5 0.169560 0.700704 0.184028 0.041471
5 0.800926 0.690532 0.134259 0.036776
5 0.127315 0.741002 0.097222 0.035994
5 0.276042 0.735133 0.177083 0.038341
5 0.802662 0.729656 0.133102 0.039906
5 0.220486 0.776604 0.197917 0.044601
5 0.785301 0.767997 0.137731 0.043036
2 0.191551 0.856416 0.135417 0.041471
2 0.788773 0.844288 0.140046 0.043818
5 0.174769 0.935837 0.104167 0.042254
5 0.310764 0.926056 0.156250 0.043036
5 0.442130 0.920970 0.083333 0.032864
5 0.789931 0.920970 0.140046 0.045383
