3 0.116841 0.565831 0.233682 0.035889
4 0.779692 0.565484 0.282152 0.032828
5 0.432945 0.601256 0.045854 0.029421
5 0.546612 0.602602 0.087504 0.031297
5 0.157375 0.641201 0.314751 0.039614
5 0.779271 0.641570 0.282068 0.032174
5 0.048616 0.684130 0.097232 0.030142
5 0.805477 0.679966 0.234681 0.032524
2 0.093210 0.718571 0.186419 0.039284
2 0.641187 0.716509 0.535081 0.039919
5 0.074711 0.756951 0.149421 0.035906
5 0.762607 0.754876 0.310919 0.031823
5 0.119402 0.794798 0.238804 0.035125
5 0.780758 0.791810 0.276275 0.032871
