3 0.161037 0.506332 0.110810 0.028007
3 0.289276 0.506943 0.110810 0.028007
3 0.401499 0.507285 0.085184 0.027576
5 0.185338 0.536033 0.112635 0.027403
5 0.299134 0.536787 0.086354 0.027117
5 0.145407 0.566969 0.030618 0.025122
5 0.348232 0.567291 0.186308 0.027784
4 0.844427 0.568683 0.165264 0.028921
5 0.219635 0.626803 0.239048 0.031697
5 0.844813 0.629589 0.162172 0.030407
2 0.407257 0.703957 0.281213 0.054036
2 0.845571 0.707461 0.183293 0.056908
5 0.154331 0.775258 0.110921 0.029546
5 0.843237 0.783740 0.165375 0.030461
5 0.189731 0.806303 0.186420 0.030094
5 0.908378 0.814127 0.033821 0.025176
