5 0.217069 0.349537 0.018553 0.018519
3 0.283859 0.348380 0.092764 0.025463
3 0.384045 0.348380 0.092764 0.025463
4 0.775510 0.348380 0.096475 0.025463
5 0.217069 0.375000 0.018553 0.023148
3 0.289425 0.373843 0.111317 0.025463
3 0.400742 0.373843 0.096475 0.025463
4 0.768089 0.373843 0.111317 0.025463
5 0.215213 0.401620 0.022263 0.020833
3 0.272727 0.399306 0.077922 0.025463
3 0.400742 0.399306 0.163265 0.025463
3 0.543599 0.399306 0.115028 0.025463
4 0.769944 0.400463 0.115028 0.027778
5 0.213358 0.427083 0.018553 0.020833
3 0.272727 0.425926 0.070501 0.027778
3 0.354360 0.425926 0.077922 0.027778
3 0.476809 0.425926 0.144712 0.027778
3 0.612245 0.424769 0.111317 0.025463
4 0.769944 0.427083 0.115028 0.025463
5 0.213358 0.453704 0.018553 0.023148
3 0.294991 0.452546 0.129870 0.025463
3 0.406308 0.452546 0.077922 0.025463
3 0.484230 0.452546 0.063080 0.025463
3 0.571429 0.452546 0.096475 0.025463
4 0.771800 0.453704 0.111317 0.027778
5 0.213358 0.480324 0.018553 0.020833
3 0.278293 0.479167 0.096475 0.027778
3 0.365492 0.479167 0.063080 0.027778
4 0.771800 0.480324 0.111317 0.025463
5 0.211503 0.506944 0.022263 0.023148
3 0.269017 0.505787 0.077922 0.025463
3 0.337662 0.505787 0.044527 0.025463
3 0.452690 0.505787 0.170686 0.025463
4 0.771800 0.506944 0.118738 0.027778
5 0.209647 0.534722 0.025974 0.023148
3 0.269017 0.532407 0.077922 0.027778
3 0.346939 0.532407 0.063080 0.027778
4 0.773655 0.534722 0.115028 0.027778
5 0.209647 0.561343 0.018553 0.020833
3 0.294991 0.559028 0.129870 0.025463
3 0.415584 0.560185 0.096475 0.027778
4 0.773655 0.560185 0.115028 0.027778
5 0.209647 0.587963 0.018553 0.023148
3 0.257885 0.586806 0.063080 0.025463
3 0.354360 0.586806 0.115028 0.025463
4 0.775510 0.587963 0.111317 0.027778
2 0.315399 0.651620 0.178108 0.043981
2 0.706865 0.652778 0.248609 0.046296
5 0.267161 0.686343 0.081633 0.025463
5 0.768089 0.687500 0.133581 0.027778
5 0.267161 0.710648 0.081633 0.027778
5 0.768089 0.715278 0.133581 0.027778
5 0.335807 0.746528 0.218924 0.043981
5 0.721707 0.750000 0.218924 0.046296
