3 0.258714 0.488738 0.163360 0.028662
3 0.371879 0.490253 0.058576 0.023953
5 0.378728 0.520975 0.109339 0.027398
5 0.507029 0.523975 0.041813 0.025819
4 0.758623 0.528727 0.126339 0.030054
3 0.259024 0.547605 0.176866 0.028978
3 0.412647 0.551197 0.126221 0.027793
5 0.365534 0.579525 0.109339 0.027398
5 0.495522 0.582565 0.045189 0.025898
4 0.753575 0.593128 0.129833 0.032394
3 0.250109 0.605689 0.195435 0.034986
3 0.382335 0.613876 0.058930 0.030736
3 0.475243 0.614916 0.116210 0.029817
5 0.392620 0.643546 0.028308 0.025503
5 0.485292 0.649109 0.045307 0.028159
4 0.798877 0.664366 0.031920 0.030104
5 0.182028 0.695197 0.088963 0.031328
5 0.273012 0.700740 0.085823 0.029107
5 0.490195 0.717138 0.028425 0.027764
2 0.194097 0.755490 0.102704 0.029502
2 0.708121 0.799771 0.134544 0.040269
5 0.185849 0.816420 0.092575 0.029265
5 0.271710 0.822936 0.082093 0.033353
5 0.787068 0.875190 0.141178 0.042609
