5 0.131944 0.361111 0.020833 0.023148
3 0.244792 0.359954 0.093750 0.025463
3 0.355903 0.361111 0.114583 0.027778
4 0.759549 0.359375 0.123264 0.033565
5 0.130208 0.390046 0.024306 0.020833
3 0.267361 0.390046 0.145833 0.025463
4 0.756944 0.390046 0.111111 0.030093
5 0.126736 0.420139 0.017361 0.020833
3 0.263889 0.418981 0.131944 0.027778
3 0.373264 0.420139 0.072917 0.025463
3 0.465278 0.420139 0.076389 0.025463
4 0.755208 0.418981 0.114583 0.027778
5 0.130208 0.447917 0.017361 0.020833
3 0.256944 0.447917 0.111111 0.025463
3 0.343750 0.447917 0.041667 0.025463
4 0.777778 0.445602 0.062500 0.025463
5 0.423611 0.506944 0.062500 0.027778
5 0.508681 0.508102 0.093750 0.025463
5 0.753472 0.504630 0.118056 0.027778
5 0.468750 0.584491 0.180556 0.025463
5 0.795139 0.586806 0.020833 0.020833
5 0.418403 0.612269 0.114583 0.025463
5 0.505208 0.612269 0.045139 0.025463
5 0.548611 0.614583 0.020833 0.020833
5 0.762153 0.615741 0.100694 0.027778
2 0.510417 0.694444 0.090278 0.027778
2 0.753472 0.685185 0.118056 0.046296
5 0.512153 0.718750 0.100694 0.025463
5 0.752604 0.722222 0.119792 0.032407
5 0.414931 0.777778 0.079861 0.027778
5 0.513889 0.778935 0.097222 0.025463
5 0.782986 0.783565 0.065972 0.025463
5 0.192708 0.902778 0.024306 0.023148
5 0.270833 0.902778 0.111111 0.027778
