3 0.344674 0.446111 0.247389 0.036431
5 0.230737 0.473264 0.020983 0.022429
5 0.301879 0.480807 0.025138 0.019303
5 0.385558 0.483309 0.097855 0.030237
4 0.823134 0.503795 0.100245 0.032035
5 0.217769 0.522197 0.071447 0.027175
5 0.305844 0.528731 0.104921 0.028518
5 0.818720 0.551278 0.100089 0.030354
2 0.287605 0.595122 0.224086 0.036877
2 0.812237 0.621032 0.100089 0.030354
5 0.217289 0.642094 0.092828 0.029972
5 0.292414 0.646046 0.062108 0.028356
5 0.806277 0.673078 0.102323 0.030472
5 0.236561 0.694412 0.140668 0.030398
5 0.340172 0.699862 0.070849 0.026725
5 0.801629 0.723083 0.102323 0.030472
