3 0.217399 0.399678 0.198584 0.028522
3 0.228763 0.431548 0.222057 0.032242
5 0.595939 0.401166 0.033905 0.030506
4 0.764903 0.403646 0.165425 0.034970
3 0.150708 0.463914 0.057750 0.027530
3 0.244970 0.463542 0.127794 0.027282
3 0.243666 0.493552 0.242921 0.032242
5 0.596311 0.464906 0.027943 0.028026
4 0.763227 0.466394 0.162072 0.032986
3 0.327869 0.529266 0.426975 0.036706
3 0.207154 0.558904 0.183308 0.031498
3 0.346498 0.557912 0.091654 0.027034
5 0.595939 0.561260 0.030179 0.031250
4 0.774590 0.560764 0.143070 0.034226
5 0.163376 0.607267 0.085320 0.031002
5 0.258569 0.607143 0.100596 0.029762
5 0.764903 0.609003 0.169151 0.036458
5 0.194300 0.641121 0.143443 0.031746
5 0.774776 0.645213 0.142697 0.035962
5 0.161140 0.671503 0.079359 0.030010
5 0.780365 0.676711 0.150149 0.037946
5 0.207526 0.703621 0.172876 0.031250
5 0.831222 0.708953 0.032042 0.027034
2 0.193554 0.759549 0.150894 0.032490
2 0.766393 0.761037 0.174367 0.037946
5 0.171386 0.791543 0.107303 0.032986
5 0.770119 0.800471 0.175857 0.037450
5 0.229694 0.850818 0.231371 0.043899
5 0.830477 0.857267 0.038748 0.033978
