3 0.123868 0.609680 0.087102 0.031715
3 0.223188 0.612215 0.087908 0.033210
3 0.329706 0.615947 0.108061 0.034222
5 0.479083 0.618600 0.024897 0.026847
5 0.564889 0.620891 0.125011 0.031158
4 0.774086 0.627756 0.125818 0.033514
5 0.125669 0.649321 0.107176 0.031063
5 0.779884 0.666819 0.127329 0.033682
5 0.096697 0.732684 0.070151 0.033918
5 0.196095 0.734444 0.107568 0.034391
5 0.792051 0.749448 0.109572 0.032035
2 0.108535 0.772859 0.108217 0.035830
2 0.228411 0.778070 0.108217 0.035830
2 0.778827 0.792378 0.132199 0.036319
5 0.109021 0.814080 0.108061 0.034222
5 0.782515 0.835776 0.129960 0.033907
5 0.126535 0.853732 0.143732 0.034413
5 0.785162 0.877511 0.111889 0.030596
