5 0.184028 0.555819 0.016204 0.022169
3 0.351852 0.555028 0.097222 0.023753
3 0.462963 0.555819 0.097222 0.025337
3 0.572917 0.555819 0.094907 0.025337
4 0.824074 0.557403 0.115741 0.025337
5 0.180556 0.587490 0.013889 0.022169
3 0.387731 0.586698 0.173611 0.026920
4 0.825810 0.588282 0.116898 0.030087
5 0.178241 0.620744 0.013889 0.022169
3 0.339120 0.618369 0.081019 0.026920
3 0.435185 0.618369 0.078704 0.026920
3 0.527778 0.619161 0.078704 0.025337
3 0.612269 0.619952 0.057870 0.026920
4 0.829861 0.620744 0.118056 0.025337
5 0.299769 0.653998 0.118056 0.025337
5 0.824074 0.653998 0.138889 0.025337
5 0.270833 0.685669 0.064815 0.025337
5 0.347222 0.686461 0.064815 0.026920
5 0.414352 0.686461 0.041667 0.023753
5 0.836806 0.687253 0.120370 0.028504
5 0.266204 0.719715 0.060185 0.026920
5 0.347222 0.719715 0.060185 0.026920
5 0.840278 0.720507 0.120370 0.028504
2 0.283565 0.790182 0.104167 0.028504
2 0.521991 0.790974 0.145833 0.030087
