5 0.141053 0.412248 0.018896 0.026066
3 0.236308 0.411510 0.143440 0.030604
3 0.385397 0.412816 0.124673 0.033120
4 0.796365 0.416242 0.129413 0.031042
5 0.139364 0.445436 0.018896 0.026066
3 0.256588 0.445601 0.183058 0.030798
3 0.412843 0.446701 0.103860 0.029655
4 0.795698 0.450964 0.130362 0.032550
5 0.138774 0.478649 0.021095 0.026119
3 0.236170 0.479472 0.141203 0.029043
3 0.373715 0.480501 0.103822 0.029655
4 0.796366 0.486480 0.130987 0.032577
2 0.262942 0.558652 0.203962 0.059127
2 0.731304 0.569873 0.266068 0.062215
5 0.204056 0.601797 0.084940 0.029155
5 0.794494 0.615187 0.135744 0.034892
5 0.279813 0.648922 0.246840 0.060154
5 0.751280 0.663993 0.227434 0.067222
