3 0.246945 0.458118 0.052768 0.019137
3 0.315160 0.458318 0.067053 0.018314
4 0.652808 0.461219 0.092341 0.019534
5 0.465264 0.479894 0.149596 0.020108
5 0.342566 0.501517 0.242999 0.019814
5 0.654291 0.502582 0.094179 0.020103
5 0.245811 0.523155 0.054452 0.019154
5 0.309609 0.523190 0.048943 0.017891
5 0.660790 0.524171 0.079291 0.019403
2 0.260297 0.545187 0.081977 0.019500
2 0.654667 0.545631 0.094179 0.020099
5 0.283008 0.567055 0.124527 0.019312
5 0.654235 0.566542 0.094607 0.019857
5 0.268059 0.587822 0.099461 0.018397
5 0.675069 0.587791 0.051048 0.017912
