5 0.055556 0.543210 0.023148 0.024691
3 0.199074 0.543981 0.187500 0.041667
3 0.391782 0.543981 0.179398 0.033951
4 0.824074 0.542438 0.134259 0.032407
5 0.468750 0.618827 0.196759 0.027778
5 0.806713 0.619599 0.136574 0.032407
5 0.520833 0.657407 0.087963 0.027778
5 0.817130 0.658179 0.115741 0.032407
2 0.439815 0.749228 0.166667 0.057099
2 0.813657 0.755015 0.173611 0.071759
5 0.543981 0.809414 0.115741 0.029321
5 0.835648 0.808642 0.162037 0.033951
5 0.502894 0.852623 0.163194 0.040123
5 0.825231 0.848765 0.141204 0.040123
