3 0.226562 0.576331 0.255208 0.030769
3 0.401042 0.577515 0.079861 0.028402
3 0.498264 0.578698 0.100694 0.026036
5 0.346354 0.607692 0.119792 0.029586
5 0.487847 0.611834 0.045139 0.026036
4 0.747396 0.615385 0.130208 0.033136
3 0.215278 0.641420 0.236111 0.028402
3 0.370660 0.644379 0.074653 0.036686
3 0.459201 0.643787 0.095486 0.030769
5 0.388889 0.675740 0.027778 0.026036
5 0.484375 0.679290 0.045139 0.023669
4 0.796875 0.687574 0.031250 0.026036
5 0.147569 0.740828 0.100694 0.028402
5 0.256944 0.740828 0.097222 0.028402
5 0.491319 0.749112 0.031250 0.026036
2 0.151042 0.809467 0.114583 0.028402
2 0.710069 0.823669 0.128472 0.028402
5 0.138889 0.878107 0.104167 0.028402
5 0.239583 0.880473 0.083333 0.028402
5 0.781250 0.888757 0.125000 0.026036
