5 0.315154 0.249782 0.011798 0.013848
3 0.365682 0.255256 0.083953 0.026101
3 0.417185 0.261523 0.028710 0.016158
3 0.443381 0.262817 0.030806 0.016262
4 0.562460 0.267584 0.060651 0.018629
5 0.314443 0.267608 0.013893 0.013952
5 0.380579 0.274970 0.067261 0.024532
5 0.445887 0.280058 0.068675 0.019607
5 0.584425 0.284672 0.014040 0.015433
5 0.312611 0.286123 0.014040 0.015433
5 0.582593 0.303186 0.013893 0.013952
5 0.421673 0.295607 0.159399 0.027712
5 0.371933 0.309148 0.102815 0.025552
5 0.309021 0.322411 0.013893 0.013952
5 0.376912 0.327999 0.062535 0.020778
5 0.441733 0.332691 0.070624 0.018230
5 0.581318 0.337357 0.013893 0.013952
5 0.307262 0.340185 0.013893 0.013952
5 0.580608 0.355183 0.015989 0.014055
5 0.387204 0.346368 0.102815 0.027034
5 0.458836 0.351397 0.049667 0.017194
5 0.339035 0.359616 0.043526 0.018364
5 0.304793 0.375785 0.011798 0.013848
5 0.372757 0.380632 0.064484 0.019400
5 0.438773 0.383895 0.070771 0.019711
5 0.578212 0.390042 0.014040 0.015433
5 0.303034 0.393559 0.011798 0.013848
5 0.578549 0.407919 0.014040 0.015433
5 0.391956 0.399442 0.085441 0.020436
5 0.379719 0.416698 0.135885 0.024403
5 0.293985 0.431810 0.047718 0.018571
5 0.343234 0.434244 0.054005 0.018882
5 0.377667 0.437434 0.013893 0.013952
5 0.352709 0.455550 0.102207 0.021264
5 0.550378 0.463831 0.062454 0.017971
5 0.338523 0.471221 0.077058 0.020021
5 0.572269 0.482029 0.016136 0.015537
5 0.328308 0.489322 0.060439 0.020674
5 0.409140 0.491828 0.106398 0.021471
5 0.570584 0.499063 0.015989 0.014055
5 0.328792 0.505718 0.064630 0.020881
5 0.379016 0.508944 0.039335 0.018157
5 0.422052 0.510327 0.049960 0.020156
5 0.552133 0.515267 0.054152 0.020363
5 0.326447 0.529417 0.060439 0.020674
5 0.371578 0.530903 0.033048 0.017846
5 0.568796 0.538417 0.016136 0.015537
5 0.356854 0.557339 0.131012 0.022026
5 0.568254 0.565182 0.016136 0.015537
2 0.323436 0.591781 0.070917 0.021192
2 0.542878 0.598161 0.064630 0.020881
5 0.316313 0.621197 0.062535 0.020778
5 0.535903 0.626096 0.073013 0.021295
5 0.308268 0.638660 0.049960 0.020156
5 0.362903 0.639872 0.062535 0.020778
5 0.562436 0.645268 0.016136 0.015537
5 0.325821 0.658154 0.089698 0.019359
5 0.538526 0.663436 0.064630 0.020881
