5 0.171886 0.553774 0.014038 0.017182
3 0.237814 0.551402 0.080081 0.020321
3 0.399509 0.549001 0.214213 0.023586
3 0.562341 0.547339 0.073408 0.018627
4 0.723147 0.549193 0.117933 0.022481
5 0.170686 0.573754 0.014038 0.017182
3 0.235476 0.570643 0.077959 0.021800
3 0.330028 0.568341 0.077959 0.021800
3 0.418571 0.566570 0.077292 0.021965
4 0.724657 0.567943 0.116911 0.023301
5 0.171645 0.592915 0.014115 0.018715
3 0.235374 0.590596 0.080158 0.021853
3 0.339783 0.587287 0.095473 0.020695
4 0.723398 0.586774 0.116949 0.024068
5 0.171506 0.612101 0.016237 0.017236
3 0.236296 0.608990 0.080158 0.021853
3 0.338505 0.605734 0.095473 0.020695
4 0.733154 0.606103 0.099358 0.023729
5 0.171405 0.632055 0.022987 0.020462
3 0.262581 0.628301 0.132931 0.023138
3 0.392200 0.622843 0.091076 0.020588
4 0.726929 0.624684 0.115926 0.026420
5 0.171303 0.652008 0.025186 0.020515
3 0.228397 0.649083 0.060368 0.021372
3 0.319613 0.646096 0.093274 0.020642
3 0.438275 0.641672 0.110865 0.021070
4 0.726220 0.643487 0.116911 0.024068
5 0.172378 0.673467 0.016237 0.017236
3 0.245926 0.669375 0.097672 0.020749
3 0.349119 0.663794 0.080081 0.020321
4 0.691314 0.660835 0.038379 0.020836
4 0.754212 0.663908 0.062567 0.021425
5 0.274686 0.705507 0.153628 0.026659
5 0.717971 0.698553 0.134617 0.025939
5 0.265846 0.726440 0.098695 0.023788
5 0.386082 0.720444 0.113141 0.022656
5 0.474944 0.714444 0.040501 0.019357
5 0.689719 0.716889 0.038302 0.019304
5 0.753678 0.719169 0.060368 0.021372
5 0.247074 0.746849 0.098733 0.023788
5 0.349149 0.741294 0.078905 0.023306
5 0.433103 0.736181 0.055970 0.021265
5 0.725957 0.737096 0.118087 0.025600
2 0.249083 0.776355 0.102646 0.039882
2 0.716875 0.764571 0.138477 0.041320
5 0.171118 0.780158 0.025877 0.034311
