5 0.161538 0.530093 0.023077 0.023148
3 0.221154 0.527778 0.073077 0.027778
3 0.311538 0.526620 0.084615 0.025463
3 0.463462 0.525463 0.188462 0.027778
4 0.784615 0.527778 0.138462 0.032407
5 0.159615 0.562500 0.026923 0.023148
3 0.217308 0.559028 0.073077 0.025463
3 0.351923 0.557870 0.173077 0.027778
3 0.484615 0.557870 0.069231 0.027778
4 0.780769 0.561343 0.138462 0.030093
5 0.161538 0.596065 0.023077 0.020833
3 0.242308 0.591435 0.115385 0.025463
3 0.365385 0.590278 0.107692 0.027778
3 0.476923 0.590278 0.092308 0.027778
4 0.784615 0.596065 0.138462 0.030093
5 0.242308 0.625000 0.023077 0.023148
5 0.334615 0.622685 0.130769 0.027778
5 0.465385 0.622685 0.107692 0.027778
5 0.246154 0.658565 0.023077 0.020833
5 0.334615 0.655093 0.130769 0.027778
5 0.486538 0.655093 0.150000 0.027778
5 0.607692 0.657407 0.069231 0.027778
5 0.476923 0.719907 0.169231 0.027778
5 0.788462 0.726852 0.138462 0.032407
5 0.526923 0.754630 0.069231 0.027778
5 0.796154 0.759259 0.115385 0.032407
2 0.294231 0.824074 0.203846 0.046296
2 0.704808 0.832176 0.298077 0.057870
