5 0.176429 0.500024 0.049142 0.033935
3 0.279571 0.488789 0.115828 0.040014
3 0.371181 0.478818 0.060571 0.033158
3 0.438799 0.471830 0.062025 0.033455
3 0.513585 0.464850 0.077816 0.036149
4 0.730353 0.442092 0.180628 0.049582
5 0.191898 0.533061 0.031284 0.028068
3 0.284860 0.523248 0.119145 0.041221
3 0.377721 0.512674 0.066387 0.033752
3 0.470786 0.503158 0.112920 0.038510
4 0.743437 0.474749 0.166723 0.049004
5 0.198017 0.568884 0.029625 0.027771
3 0.276336 0.559797 0.082383 0.035239
3 0.359745 0.549660 0.081337 0.036446
3 0.459774 0.538797 0.113533 0.042742
4 0.761610 0.507415 0.152181 0.053568
5 0.313090 0.627848 0.170449 0.049599
5 0.726384 0.582752 0.183536 0.049879
2 0.299461 0.702086 0.121212 0.043486
2 0.394400 0.691140 0.066796 0.035868
2 0.744439 0.655306 0.186853 0.056525
5 0.296317 0.776797 0.086313 0.040066
5 0.800085 0.721953 0.190193 0.056673
5 0.332317 0.888439 0.120804 0.043783
5 0.782589 0.838643 0.175856 0.052013
