5 0.111111 0.597590 0.024242 0.019277
5 0.163636 0.596386 0.064646 0.026506
3 0.288889 0.597590 0.113131 0.024096
3 0.387879 0.597590 0.076768 0.024096
4 0.698990 0.601205 0.206061 0.026506
5 0.151515 0.622892 0.048485 0.026506
5 0.244444 0.622892 0.129293 0.026506
5 0.159596 0.649398 0.064646 0.026506
5 0.218182 0.648193 0.044444 0.024096
5 0.264646 0.649398 0.024242 0.021687
5 0.153535 0.702410 0.165657 0.026506
5 0.702020 0.703012 0.208081 0.030120
5 0.118182 0.729518 0.103030 0.032530
5 0.208081 0.728916 0.064646 0.026506
5 0.325253 0.727711 0.161616 0.024096
5 0.710101 0.729518 0.191919 0.030120
2 0.125253 0.785542 0.117172 0.028916
2 0.705051 0.781928 0.210101 0.026506
5 0.139394 0.842169 0.153535 0.026506
5 0.264646 0.836145 0.080808 0.028916
5 0.355556 0.834940 0.092929 0.026506
5 0.705051 0.834940 0.210101 0.026506
5 0.749495 0.861446 0.121212 0.026506
