5 0.059300 0.526795 0.020892 0.023119
3 0.182890 0.524820 0.098773 0.026326
3 0.311466 0.526338 0.152911 0.026965
4 0.802144 0.529841 0.132727 0.031301
5 0.055267 0.551923 0.020892 0.023119
5 0.200820 0.551352 0.142819 0.029133
5 0.337855 0.552969 0.125901 0.028933
5 0.865812 0.554624 0.031161 0.027815
5 0.111400 0.606369 0.163180 0.031661
5 0.202757 0.607447 0.020951 0.025407
5 0.810227 0.610040 0.139495 0.031381
2 0.083593 0.634649 0.108983 0.028734
2 0.812873 0.638680 0.139554 0.033669
5 0.121707 0.665996 0.186983 0.036516
5 0.285899 0.664501 0.136170 0.033629
5 0.762035 0.674698 0.158016 0.036137
5 0.872891 0.673718 0.031161 0.027815
