3 0.177740 0.503439 0.217500 0.029625
3 0.371771 0.501414 0.161085 0.028768
5 0.105018 0.530919 0.061602 0.023887
5 0.303585 0.529817 0.154235 0.027981
4 0.792631 0.530973 0.159002 0.032360
5 0.177100 0.588737 0.212651 0.026976
5 0.666174 0.589874 0.063851 0.029221
5 0.793768 0.588515 0.154822 0.025798
5 0.117767 0.619610 0.098097 0.027483
5 0.264343 0.619514 0.173273 0.030290
5 0.690983 0.619348 0.062705 0.030155
5 0.805472 0.618070 0.137952 0.028603
2 0.140975 0.678028 0.143261 0.029264
2 0.669551 0.678379 0.060499 0.031122
2 0.794803 0.677166 0.162692 0.028019
5 0.132110 0.735265 0.115921 0.026256
5 0.669122 0.737096 0.074293 0.028409
5 0.790746 0.736431 0.162637 0.029688
5 0.154620 0.765487 0.161783 0.029847
5 0.668121 0.765846 0.062705 0.028914
5 0.792625 0.765450 0.164300 0.026635
