3 0.392756 0.448433 0.239906 0.023976
5 0.194256 0.444803 0.069732 0.022565
4 0.835644 0.451535 0.120137 0.023377
3 0.362538 0.470557 0.179520 0.022830
3 0.515143 0.472127 0.101337 0.021509
5 0.194448 0.469522 0.067493 0.021241
4 0.835484 0.475067 0.124347 0.023688
3 0.333622 0.494375 0.123494 0.022375
3 0.438846 0.495231 0.065373 0.020538
3 0.532586 0.495978 0.104869 0.020865
5 0.193169 0.492964 0.068195 0.018701
4 0.834607 0.498449 0.124347 0.023700
3 0.333830 0.517095 0.119869 0.022352
3 0.455571 0.518080 0.101946 0.020865
5 0.192266 0.517008 0.068296 0.021373
4 0.834447 0.521832 0.122960 0.025024
3 0.341120 0.541634 0.143706 0.022029
3 0.472980 0.542276 0.102673 0.019529
5 0.190683 0.540921 0.066834 0.020037
4 0.835407 0.546210 0.119235 0.024333
3 0.386944 0.565638 0.237058 0.021949
5 0.191605 0.564715 0.068980 0.020825
4 0.834822 0.569264 0.122692 0.023711
5 0.358270 0.612743 0.062499 0.019357
5 0.453413 0.613188 0.103483 0.021373
5 0.826151 0.616305 0.145043 0.025878
5 0.359117 0.637878 0.070341 0.021253
5 0.832126 0.640730 0.124372 0.023711
2 0.375294 0.694790 0.109179 0.038921
2 0.822799 0.697771 0.148134 0.044614
5 0.195649 0.810602 0.109071 0.036929
5 0.303366 0.810480 0.094706 0.038805
5 0.819817 0.853500 0.148209 0.044738
5 0.201780 0.913880 0.085409 0.021369
5 0.269387 0.912993 0.025149 0.019369
5 0.382888 0.913362 0.143022 0.027144
