3 0.282813 0.442243 0.051042 0.024452
3 0.356771 0.442243 0.080208 0.026138
3 0.476042 0.443508 0.139583 0.028668
5 0.267708 0.472175 0.018750 0.026981
5 0.483333 0.473440 0.089583 0.022766
4 0.689583 0.473862 0.095833 0.023609
3 0.306250 0.502108 0.091667 0.026138
3 0.394792 0.503794 0.064583 0.027825
3 0.475521 0.502951 0.080208 0.026138
5 0.270833 0.531619 0.012500 0.027825
5 0.483333 0.533305 0.089583 0.026138
4 0.689583 0.533305 0.095833 0.026138
3 0.302083 0.563238 0.077083 0.026981
3 0.373437 0.560708 0.046875 0.025295
5 0.271875 0.592327 0.018750 0.024452
5 0.492708 0.593170 0.081250 0.026138
4 0.691667 0.593592 0.087500 0.026981
3 0.280729 0.622681 0.030208 0.022766
3 0.353125 0.623524 0.091667 0.027825
3 0.447396 0.621417 0.071875 0.025295
5 0.272917 0.652192 0.012500 0.026138
5 0.486979 0.652192 0.086458 0.022766
4 0.691146 0.651349 0.090625 0.026138
3 0.308854 0.681703 0.092708 0.029511
3 0.395313 0.680438 0.057292 0.025295
3 0.491667 0.681703 0.110417 0.031197
5 0.273438 0.709949 0.013542 0.026981
5 0.484896 0.708685 0.090625 0.027825
4 0.690104 0.709949 0.096875 0.025295
5 0.323437 0.769393 0.119792 0.029511
5 0.688021 0.768550 0.107292 0.026138
5 0.302604 0.801855 0.073958 0.028668
5 0.730208 0.800169 0.016667 0.010118
2 0.300521 0.830944 0.078125 0.029511
2 0.689583 0.830523 0.104167 0.026981
5 0.297917 0.894604 0.077083 0.030354
5 0.691146 0.892496 0.107292 0.027825
5 0.329167 0.925801 0.143750 0.032040
5 0.699479 0.924115 0.092708 0.030354
