5 0.166177 0.419595 0.022095 0.020832
3 0.227456 0.417514 0.090743 0.026086
3 0.321699 0.416498 0.087321 0.027533
4 0.684042 0.409665 0.094328 0.030004
5 0.166617 0.446492 0.018681 0.020715
3 0.227982 0.443264 0.094328 0.030004
3 0.330674 0.443103 0.107806 0.028236
4 0.679182 0.434502 0.107985 0.030472
5 0.168585 0.471095 0.018681 0.020715
3 0.230040 0.468985 0.094149 0.027767
3 0.339470 0.467470 0.121462 0.028705
3 0.454742 0.464633 0.106367 0.026058
4 0.679622 0.461399 0.104571 0.030355
5 0.167229 0.496932 0.018860 0.022952
3 0.214128 0.494202 0.061461 0.027141
3 0.286813 0.493948 0.073665 0.027064
4 0.681591 0.486001 0.104571 0.030355
5 0.167580 0.522712 0.015267 0.020598
3 0.229034 0.520602 0.090735 0.027650
3 0.334961 0.518086 0.104571 0.030355
3 0.428939 0.515981 0.073665 0.027064
4 0.683738 0.512840 0.104571 0.030355
2 0.268904 0.580906 0.169253 0.046060
2 0.639064 0.574927 0.205011 0.051647
5 0.222892 0.615007 0.077079 0.027181
5 0.689546 0.606835 0.107985 0.030472
5 0.284649 0.648211 0.203483 0.048351
5 0.723225 0.642683 0.040597 0.039311
