5 0.134329 0.480450 0.019626 0.021953
3 0.223601 0.479434 0.131597 0.026331
4 0.767504 0.470913 0.110214 0.027640
5 0.282674 0.506716 0.286336 0.028093
5 0.649243 0.500990 0.110172 0.026088
5 0.133528 0.539475 0.014865 0.021898
3 0.176337 0.537434 0.038754 0.025275
3 0.251325 0.536581 0.079224 0.025735
3 0.321511 0.534229 0.043515 0.025329
3 0.383427 0.534300 0.053079 0.026990
4 0.772571 0.526764 0.112594 0.027667
5 0.133085 0.567434 0.017246 0.021926
3 0.194960 0.565953 0.079266 0.027288
3 0.305021 0.562759 0.116082 0.030010
3 0.400839 0.562057 0.053079 0.026990
4 0.776889 0.554670 0.110214 0.027640
5 0.132685 0.596946 0.014865 0.021898
3 0.195749 0.595452 0.079266 0.027288
3 0.312931 0.591788 0.135127 0.029450
3 0.420653 0.590562 0.053121 0.028542
4 0.778828 0.582602 0.112594 0.027667
5 0.132304 0.627235 0.017287 0.023478
3 0.173944 0.625984 0.038754 0.025275
3 0.295877 0.621878 0.170856 0.032185
3 0.421442 0.620061 0.053121 0.028542
4 0.781392 0.611304 0.113764 0.030759
5 0.130755 0.658313 0.017287 0.023478
3 0.204470 0.654368 0.098311 0.027505
3 0.296102 0.652548 0.057882 0.028596
4 0.784562 0.640776 0.113764 0.030759
5 0.129164 0.687839 0.026893 0.026692
3 0.203516 0.685828 0.101840 0.029847
3 0.305244 0.682728 0.079266 0.027288
4 0.787732 0.670635 0.113764 0.031535
5 0.128825 0.719680 0.019710 0.025058
3 0.203157 0.716892 0.104221 0.031427
3 0.325099 0.712786 0.117397 0.029274
4 0.792719 0.701251 0.110255 0.029193
5 0.213510 0.747059 0.151832 0.031969
5 0.660853 0.734201 0.132829 0.033304
5 0.212576 0.779295 0.117397 0.029274
5 0.788367 0.761487 0.134019 0.033304
5 0.223525 0.810619 0.139888 0.028728
5 0.364513 0.806296 0.119736 0.027748
5 0.800486 0.791238 0.116123 0.032311
5 0.185692 0.842499 0.060221 0.027071
5 0.804282 0.821874 0.114995 0.033088
2 0.253907 0.899961 0.188815 0.030087
2 0.736938 0.885927 0.257727 0.038595
