5 0.183007 0.420668 0.018519 0.025470
3 0.291394 0.429019 0.118736 0.036326
3 0.388889 0.435282 0.069717 0.028810
3 0.456427 0.439040 0.042484 0.025470
4 0.745370 0.435491 0.101852 0.024217
5 0.182190 0.450522 0.020153 0.025887
3 0.287854 0.457620 0.116013 0.032568
3 0.395969 0.463883 0.082789 0.027557
3 0.472767 0.467432 0.042484 0.025470
4 0.747004 0.463883 0.098584 0.024217
5 0.181373 0.481628 0.018519 0.025470
3 0.273148 0.487265 0.087691 0.030898
3 0.372821 0.492484 0.101852 0.031315
3 0.456427 0.495198 0.042484 0.026722
4 0.747004 0.491232 0.102941 0.027140
2 0.520153 0.571190 0.084967 0.025887
2 0.749455 0.560543 0.111111 0.049687
5 0.196895 0.630063 0.072440 0.026722
5 0.743464 0.632985 0.116558 0.026722
5 0.219227 0.660543 0.120370 0.028392
5 0.750817 0.662004 0.101852 0.025470
