5 0.060617 0.346560 0.026022 0.015242
3 0.185583 0.345810 0.127551 0.018863
3 0.334174 0.346299 0.134923 0.018721
3 0.457039 0.347467 0.077887 0.022696
4 0.653409 0.344080 0.180942 0.024761
5 0.271647 0.367088 0.261620 0.021827
5 0.061114 0.388509 0.029013 0.018709
3 0.189801 0.387041 0.132195 0.018218
3 0.298428 0.386809 0.065239 0.020084
3 0.373598 0.387206 0.066987 0.019169
3 0.460620 0.386971 0.092314 0.022805
4 0.654847 0.385336 0.174803 0.021246
5 0.271780 0.408003 0.261652 0.019065
5 0.061694 0.430209 0.027960 0.018854
3 0.176298 0.429793 0.114050 0.022951
3 0.272745 0.429304 0.058753 0.017322
3 0.396836 0.427976 0.158343 0.018351
4 0.655870 0.427972 0.183797 0.023338
5 0.272324 0.450317 0.264421 0.021851
5 0.062733 0.472863 0.026117 0.018185
3 0.188604 0.471669 0.132953 0.018218
3 0.348395 0.470437 0.157648 0.018004
3 0.470280 0.469781 0.055162 0.019072
4 0.667761 0.469508 0.156690 0.021818
5 0.273826 0.492954 0.268897 0.019783
5 0.063293 0.514818 0.036226 0.020350
3 0.177806 0.514044 0.122244 0.020907
3 0.324570 0.513070 0.163976 0.019823
3 0.474020 0.512783 0.113187 0.022209
4 0.665177 0.512522 0.158470 0.023229
5 0.277519 0.534204 0.258061 0.019005
5 0.065653 0.556647 0.035300 0.019415
3 0.161637 0.555142 0.085922 0.018028
3 0.265756 0.554384 0.084174 0.018164
5 0.426611 0.555053 0.153899 0.023205
4 0.673430 0.553765 0.163936 0.021125
5 0.062058 0.577726 0.040766 0.020801
3 0.177950 0.575779 0.111511 0.018085
3 0.324715 0.575838 0.160155 0.020480
3 0.462327 0.574243 0.084174 0.021322
3 0.187081 0.597219 0.087964 0.018152
3 0.301194 0.596462 0.111344 0.019423
4 0.660746 0.574645 0.183828 0.024031
5 0.059505 0.619573 0.028055 0.021652
3 0.172634 0.618123 0.116904 0.022269
3 0.274973 0.617227 0.067872 0.018697
3 0.399491 0.616628 0.166546 0.022572
4 0.665913 0.617616 0.181100 0.022681
5 0.272378 0.640218 0.274521 0.020801
5 0.057843 0.663638 0.027992 0.018161
3 0.161467 0.662590 0.088755 0.017927
3 0.297811 0.661001 0.163904 0.021161
3 0.449104 0.661006 0.111344 0.020116
4 0.676456 0.660545 0.163936 0.023898
5 0.057059 0.685929 0.033561 0.019439
3 0.176112 0.685034 0.115893 0.020189
3 0.288402 0.683912 0.092346 0.022076
4 0.680722 0.682022 0.172044 0.026780
5 0.057134 0.707674 0.035309 0.020350
3 0.208347 0.707357 0.191105 0.024152
3 0.367253 0.705251 0.096000 0.022829
3 0.237829 0.726936 0.184754 0.020637
4 0.680844 0.705597 0.173887 0.024031
5 0.059457 0.750316 0.036226 0.016883
3 0.169074 0.749243 0.106868 0.019423
3 0.315411 0.749297 0.145832 0.020395
5 0.503436 0.750477 0.155805 0.019750
4 0.680087 0.749105 0.164893 0.022152
5 0.173356 0.792902 0.111511 0.018085
5 0.670721 0.793670 0.187546 0.021495
5 0.241371 0.814295 0.238146 0.022399
5 0.680805 0.815521 0.162093 0.020492
5 0.200706 0.836075 0.160313 0.020467
5 0.682754 0.837493 0.171276 0.022857
5 0.222516 0.858111 0.214820 0.019397
5 0.649319 0.860480 0.243792 0.024479
5 0.217679 0.880688 0.202994 0.021538
5 0.406566 0.880816 0.172992 0.021209
5 0.686094 0.881039 0.161207 0.022560
5 0.166578 0.902250 0.089608 0.018697
5 0.264420 0.902920 0.093357 0.022708
5 0.675395 0.904011 0.195622 0.024152
2 0.175083 0.932319 0.123170 0.036161
2 0.511372 0.936673 0.483739 0.044786
