5 0.128472 0.536413 0.020833 0.023493
3 0.243056 0.535630 0.092593 0.025059
3 0.370949 0.533281 0.146991 0.026625
4 0.788194 0.527800 0.131944 0.028191
5 0.126157 0.561472 0.020833 0.023493
5 0.268519 0.561472 0.143519 0.023493
5 0.844907 0.551292 0.027778 0.025059
5 0.796875 0.604150 0.137731 0.028974
5 0.193287 0.613156 0.173611 0.026625
2 0.159722 0.640564 0.115741 0.021926
2 0.799190 0.630384 0.137731 0.028191
5 0.139468 0.670713 0.089120 0.036805
5 0.237847 0.666797 0.103009 0.028974
5 0.365741 0.665623 0.134259 0.028191
5 0.581597 0.671887 0.246528 0.043853
5 0.779514 0.667580 0.153935 0.039937
