5 0.301208 0.429641 0.149225 0.028845
3 0.424031 0.431168 0.076513 0.027694
3 0.484560 0.431303 0.023829 0.022259
3 0.570869 0.430924 0.129891 0.026892
4 0.873797 0.433062 0.108820 0.031037
5 0.297759 0.462081 0.144735 0.027798
3 0.429004 0.463136 0.093828 0.026087
3 0.531724 0.464193 0.091888 0.027892
4 0.871618 0.466771 0.110769 0.029598
5 0.288987 0.497336 0.172166 0.027440
3 0.423371 0.497621 0.076966 0.025870
3 0.500774 0.498089 0.058120 0.025627
4 0.879623 0.501080 0.091427 0.029349
2 0.269403 0.563670 0.091349 0.026055
2 0.869535 0.567472 0.110803 0.031062
5 0.264005 0.597602 0.079782 0.027184
5 0.865141 0.601940 0.125186 0.031248
5 0.276191 0.630207 0.111523 0.028598
5 0.871163 0.636275 0.110803 0.031062
