5 0.172943 0.413795 0.014015 0.018464
3 0.300404 0.410003 0.219519 0.025462
5 0.466293 0.408046 0.095385 0.023998
4 0.703881 0.406387 0.097667 0.022511
5 0.227227 0.439100 0.076180 0.022233
5 0.289848 0.438354 0.034406 0.021754
5 0.334968 0.437059 0.034446 0.023279
5 0.472645 0.435435 0.079586 0.023812
5 0.173633 0.439344 0.013975 0.019226
5 0.715291 0.433335 0.081803 0.022313
5 0.205920 0.466808 0.032149 0.021727
5 0.275887 0.465983 0.090831 0.022419
5 0.349219 0.464355 0.034446 0.023279
5 0.473354 0.462891 0.079586 0.023812
5 0.172065 0.467208 0.014015 0.018464
5 0.717149 0.461540 0.079586 0.023812
5 0.226030 0.502427 0.075387 0.035961
5 0.709106 0.499780 0.102550 0.039331
5 0.169586 0.502330 0.021180 0.033797
5 0.236418 0.554944 0.124686 0.022819
5 0.710603 0.557742 0.104373 0.022579
2 0.199571 0.582077 0.067710 0.023679
2 0.714697 0.585158 0.104413 0.024105
5 0.206832 0.611747 0.102201 0.026298
5 0.717158 0.614500 0.104399 0.025482
