3 0.135472 0.490781 0.115978 0.036312
3 0.260180 0.486132 0.114279 0.038450
3 0.404668 0.479132 0.152340 0.040700
3 0.535380 0.475442 0.090621 0.041517
5 0.132125 0.531664 0.023556 0.032450
5 0.262652 0.528639 0.123549 0.045415
4 0.861990 0.503709 0.123396 0.045454
3 0.134391 0.581670 0.119094 0.038568
3 0.241197 0.569934 0.076072 0.033826
5 0.132997 0.617586 0.025553 0.032450
5 0.266393 0.614028 0.125444 0.046246
4 0.868343 0.586704 0.120578 0.047592
2 0.189886 0.700847 0.223699 0.047258
2 0.800423 0.674931 0.261824 0.058688
5 0.122120 0.748131 0.098255 0.040867
5 0.873941 0.714322 0.136049 0.050242
5 0.143448 0.792857 0.140528 0.043392
5 0.885634 0.756929 0.159562 0.055266
