5 0.071181 0.591922 0.024306 0.030641
3 0.199653 0.587744 0.107639 0.033426
3 0.335069 0.589136 0.163194 0.036212
4 0.805556 0.593315 0.145833 0.038997
5 0.071181 0.623955 0.024306 0.033426
5 0.227431 0.622563 0.163194 0.030641
5 0.378472 0.622563 0.138889 0.036212
5 0.868056 0.625348 0.034722 0.036212
5 0.137153 0.689415 0.170139 0.036212
5 0.232639 0.689415 0.020833 0.030641
2 0.111111 0.721448 0.111111 0.033426
2 0.805556 0.728412 0.145833 0.036212
5 0.151042 0.757660 0.190972 0.038997
5 0.321181 0.754875 0.142361 0.038997
5 0.639757 0.769499 0.168403 0.048747
5 0.810764 0.771588 0.142361 0.038997
