3 0.283439 0.552430 0.073563 0.021115
3 0.364364 0.551414 0.073488 0.019886
3 0.444113 0.548577 0.075766 0.022386
3 0.543020 0.545354 0.107695 0.023030
5 0.375355 0.574563 0.024530 0.018900
5 0.425341 0.572941 0.026733 0.020171
5 0.596237 0.570726 0.108908 0.021865
4 0.835213 0.566525 0.114230 0.025615
3 0.286487 0.602799 0.073563 0.021115
3 0.365246 0.601212 0.073563 0.021115
3 0.473880 0.600252 0.120541 0.024516
5 0.376348 0.626203 0.024530 0.018900
5 0.425307 0.625217 0.024530 0.018900
5 0.597837 0.623584 0.109898 0.024301
4 0.836318 0.620008 0.114304 0.026844
5 0.491335 0.677391 0.022178 0.015171
5 0.303867 0.678709 0.107621 0.021801
5 0.401784 0.676736 0.073563 0.021115
5 0.673295 0.673109 0.028787 0.018985
5 0.493960 0.703168 0.020050 0.015128
5 0.283003 0.703730 0.058662 0.020814
5 0.361799 0.702757 0.088537 0.022644
5 0.833662 0.699397 0.133387 0.026001
5 0.492365 0.729645 0.022104 0.013943
5 0.298474 0.730478 0.090740 0.023915
5 0.392666 0.728273 0.091805 0.020908
5 0.843317 0.727185 0.115443 0.025065
2 0.495065 0.756651 0.020124 0.016357
2 0.301595 0.755630 0.085344 0.019190
2 0.398027 0.755532 0.090592 0.021458
2 0.837007 0.754680 0.133387 0.026001
