5 0.122209 0.369822 0.020656 0.019770
3 0.215024 0.366980 0.137677 0.024664
3 0.356052 0.362206 0.119890 0.023468
4 0.691636 0.351268 0.104710 0.023710
5 0.127183 0.388735 0.016844 0.019488
3 0.202746 0.386708 0.109659 0.023070
3 0.294892 0.384323 0.054827 0.020522
3 0.365373 0.381298 0.056563 0.023716
4 0.702028 0.370380 0.104643 0.022951
5 0.126340 0.408564 0.024534 0.019687
3 0.186121 0.407054 0.070539 0.023435
3 0.251453 0.404267 0.043525 0.019524
3 0.311970 0.404275 0.052619 0.022079
3 0.381915 0.402847 0.060242 0.022318
4 0.701151 0.389470 0.107051 0.022951
5 0.130613 0.428214 0.026942 0.018249
3 0.240712 0.427051 0.168236 0.025698
3 0.359573 0.424131 0.040180 0.023199
4 0.704952 0.409500 0.102912 0.020675
5 0.227392 0.465130 0.140285 0.024144
5 0.702400 0.447640 0.122697 0.027222
5 0.219661 0.485498 0.128717 0.022948
5 0.709849 0.467151 0.108189 0.025267
5 0.189762 0.506281 0.057568 0.020681
5 0.718032 0.487441 0.105714 0.020714
2 0.248525 0.544410 0.175926 0.028054
2 0.655494 0.530925 0.237982 0.031561
5 0.207727 0.567369 0.090734 0.023193
5 0.300542 0.564426 0.070805 0.027189
5 0.379783 0.560082 0.028545 0.020489
5 0.614696 0.551928 0.091938 0.024071
5 0.697017 0.549323 0.053295 0.024435
5 0.765788 0.545298 0.020856 0.021085
