5 0.092571 0.486281 0.026602 0.032119
3 0.151184 0.482680 0.078472 0.042683
3 0.242384 0.481026 0.100640 0.044016
4 0.820924 0.473051 0.118374 0.045083
5 0.113917 0.517506 0.051560 0.037267
5 0.126040 0.557028 0.087339 0.043216
5 0.133581 0.636118 0.152402 0.045443
5 0.841239 0.627083 0.128001 0.046071
2 0.106987 0.678927 0.100950 0.047831
2 0.844650 0.669046 0.127691 0.046017
5 0.101514 0.776051 0.094408 0.065238
5 0.851912 0.772111 0.133845 0.072587
5 0.148672 0.835507 0.183235 0.071440
5 0.851485 0.835388 0.136682 0.068906
