3 0.231498 0.289910 0.105596 0.020041
3 0.347473 0.289565 0.120939 0.020733
5 0.469314 0.290256 0.021661 0.019350
4 0.571751 0.289565 0.094765 0.020733
3 0.219765 0.312370 0.078520 0.016586
3 0.303700 0.312716 0.078520 0.017277
5 0.469314 0.312370 0.016245 0.016586
4 0.570397 0.312370 0.097473 0.022115
3 0.233303 0.334831 0.111011 0.020041
3 0.325361 0.334831 0.067690 0.018659
5 0.467960 0.335176 0.020758 0.017968
4 0.609657 0.334485 0.018953 0.017968
3 0.203971 0.356600 0.052347 0.019350
3 0.270307 0.356945 0.073105 0.018659
3 0.343863 0.356945 0.072202 0.020041
3 0.211191 0.379406 0.063177 0.019350
3 0.262184 0.381479 0.038809 0.024879
5 0.468412 0.357291 0.014440 0.017968
4 0.572202 0.357636 0.095668 0.022806
3 0.186372 0.397719 0.013538 0.010366
3 0.247744 0.402211 0.116426 0.020733
3 0.354242 0.402211 0.098375 0.020733
5 0.468863 0.402557 0.015343 0.018659
4 0.578069 0.402211 0.082130 0.020733
3 0.197202 0.423981 0.035199 0.018659
3 0.254061 0.424326 0.074910 0.020733
3 0.252708 0.446095 0.151625 0.021424
3 0.242329 0.467865 0.127256 0.019350
3 0.366426 0.470283 0.129964 0.025570
5 0.468863 0.424326 0.018953 0.019350
4 0.571300 0.425363 0.092058 0.018659
3 0.207581 0.489979 0.055957 0.019350
3 0.277076 0.490670 0.077617 0.019350
3 0.363718 0.490325 0.090253 0.018659
5 0.468863 0.491016 0.020758 0.020041
4 0.569946 0.492398 0.098375 0.021424
3 0.215704 0.511748 0.075812 0.020041
3 0.303700 0.512440 0.092960 0.018659
3 0.382671 0.513131 0.057762 0.018659
3 0.225632 0.534209 0.095668 0.020733
3 0.302347 0.534554 0.052347 0.018659
5 0.467960 0.513131 0.013538 0.018659
4 0.570848 0.513822 0.094765 0.022806
3 0.238267 0.557360 0.122744 0.020041
3 0.259477 0.579129 0.166968 0.022115
3 0.241877 0.601244 0.129964 0.019350
5 0.467960 0.557706 0.011733 0.016586
4 0.569043 0.558742 0.096570 0.021424
3 0.237816 0.622322 0.121841 0.020041
3 0.338448 0.622322 0.075812 0.020041
3 0.224729 0.645819 0.097473 0.021424
3 0.299639 0.645473 0.048736 0.019350
5 0.467058 0.623013 0.013538 0.020041
4 0.569495 0.623704 0.099278 0.025570
3 0.231949 0.668279 0.111913 0.022115
3 0.349278 0.666897 0.124549 0.020733
3 0.222022 0.690048 0.090253 0.020041
5 0.467058 0.666897 0.013538 0.017968
4 0.575361 0.668625 0.083935 0.021424
5 0.205325 0.725294 0.051444 0.018659
5 0.263538 0.723566 0.059567 0.019350
5 0.559567 0.723566 0.117329 0.023497
5 0.224278 0.749136 0.085740 0.019350
5 0.569043 0.748100 0.098375 0.024188
5 0.202166 0.770560 0.045126 0.017968
5 0.571751 0.769523 0.094765 0.021424
5 0.232401 0.793366 0.105596 0.023497
5 0.606949 0.793020 0.015343 0.017277
2 0.223375 0.832066 0.094765 0.024879
2 0.558664 0.825847 0.117329 0.022115
5 0.208935 0.856600 0.064079 0.022806
5 0.557762 0.851417 0.119134 0.023497
5 0.247292 0.894264 0.138989 0.030408
5 0.603339 0.891500 0.020758 0.022115
