5 0.297454 0.532399 0.030093 0.021016
3 0.363426 0.532399 0.092593 0.021016
3 0.450231 0.534151 0.067130 0.021016
3 0.514468 0.535026 0.056713 0.022767
5 0.605324 0.536778 0.090278 0.022767
4 0.733796 0.536778 0.078704 0.022767
5 0.335648 0.555166 0.055556 0.021016
5 0.295139 0.577933 0.030093 0.021016
3 0.363426 0.578809 0.092593 0.022767
3 0.450231 0.579685 0.067130 0.021016
3 0.516204 0.579685 0.055556 0.021016
5 0.606481 0.582312 0.092593 0.022767
4 0.733796 0.582312 0.078704 0.022767
5 0.319444 0.600701 0.032407 0.021016
5 0.292824 0.625219 0.030093 0.021016
3 0.362269 0.624343 0.094907 0.022767
3 0.450231 0.626095 0.067130 0.019264
3 0.516204 0.626095 0.055556 0.022767
5 0.606481 0.627846 0.092593 0.022767
4 0.734954 0.628722 0.081019 0.024518
5 0.349537 0.648862 0.097222 0.022767
5 0.583333 0.650613 0.069444 0.022767
5 0.331019 0.673380 0.055556 0.022767
5 0.328704 0.697898 0.060185 0.022767
5 0.386574 0.697898 0.046296 0.022767
5 0.541667 0.746935 0.055556 0.022767
5 0.745370 0.747811 0.069444 0.024518
5 0.510417 0.771454 0.118056 0.022767
5 0.740741 0.771454 0.078704 0.022767
2 0.530093 0.796848 0.078704 0.024518
2 0.741898 0.795972 0.081019 0.022767
5 0.537037 0.822242 0.069444 0.022767
5 0.743056 0.821366 0.078704 0.024518
5 0.524306 0.873905 0.094907 0.024518
5 0.775463 0.869527 0.018519 0.022767
