3 0.112643 0.448404 0.104035 0.036203
3 0.253574 0.452070 0.109214 0.035801
3 0.393767 0.453618 0.101026 0.036885
4 0.798621 0.454444 0.158788 0.036877
3 0.104648 0.538608 0.102005 0.036150
3 0.245980 0.541385 0.104070 0.036965
3 0.387224 0.542258 0.104070 0.036965
4 0.779884 0.542628 0.194335 0.039359
3 0.103766 0.585153 0.100118 0.039143
3 0.280574 0.586238 0.173205 0.041820
3 0.421835 0.587492 0.030841 0.031241
4 0.782971 0.587557 0.188424 0.042219
2 0.240086 0.633059 0.171318 0.044814
2 0.679000 0.634517 0.378298 0.050240
5 0.219890 0.679348 0.140809 0.042493
5 0.776116 0.681175 0.202877 0.041857
5 0.268292 0.724957 0.245536 0.047571
5 0.777298 0.727654 0.205209 0.043513
