3 0.173813 0.659229 0.199267 0.029981
3 0.342512 0.660242 0.112618 0.029866
5 0.508151 0.661189 0.025493 0.026224
5 0.609945 0.661740 0.110495 0.030568
4 0.834915 0.664486 0.111557 0.034313
5 0.131277 0.701624 0.114174 0.029773
5 0.832349 0.704072 0.110495 0.029825
5 0.107283 0.783742 0.074556 0.028458
5 0.214082 0.783279 0.111937 0.030580
5 0.297205 0.783005 0.034289 0.026435
5 0.847654 0.781844 0.069547 0.028786
2 0.131399 0.821107 0.113357 0.027960
2 0.256197 0.820914 0.112052 0.029825
2 0.826456 0.819850 0.110380 0.028305
5 0.129926 0.857914 0.108143 0.026861
5 0.810378 0.854581 0.125734 0.026440
5 0.154681 0.890602 0.147608 0.023650
5 0.816500 0.885690 0.107808 0.025405
