5 0.114583 0.554398 0.020833 0.025463
3 0.173611 0.552083 0.069444 0.030093
3 0.288194 0.553241 0.131944 0.032407
3 0.402778 0.554398 0.069444 0.030093
4 0.847222 0.557870 0.118056 0.032407
5 0.114583 0.587963 0.020833 0.027778
3 0.171875 0.586806 0.065972 0.030093
3 0.288194 0.587963 0.131944 0.032407
3 0.402778 0.586806 0.069444 0.030093
4 0.847222 0.593750 0.118056 0.034722
5 0.114583 0.622685 0.020833 0.027778
3 0.171875 0.621528 0.065972 0.030093
3 0.289931 0.621528 0.135417 0.030093
3 0.444444 0.621528 0.152778 0.032407
4 0.847222 0.628472 0.118056 0.034722
5 0.085069 0.689815 0.107639 0.032407
5 0.151042 0.690972 0.031250 0.030093
5 0.413194 0.692130 0.180556 0.032407
5 0.836806 0.696759 0.138889 0.032407
2 0.361111 0.726852 0.076389 0.032407
2 0.838542 0.732639 0.142361 0.034722
5 0.065972 0.724537 0.076389 0.032407
5 0.149306 0.725694 0.027778 0.030093
5 0.369792 0.761574 0.093750 0.032407
5 0.838542 0.767361 0.142361 0.034722
5 0.390625 0.797454 0.135417 0.034722
5 0.838542 0.802083 0.142361 0.034722
