3 0.308240 0.526409 0.136806 0.036483
3 0.426010 0.523728 0.072156 0.034341
3 0.497852 0.521769 0.048107 0.035394
4 0.866476 0.517924 0.102337 0.036787
5 0.535385 0.560289 0.108219 0.038196
5 0.414430 0.603803 0.341267 0.041691
5 0.870526 0.596022 0.107502 0.036920
5 0.278491 0.649294 0.071348 0.035991
5 0.367855 0.645883 0.068766 0.035925
5 0.893210 0.635602 0.068676 0.034025
2 0.300575 0.687433 0.116147 0.036063
2 0.864824 0.675297 0.129678 0.036600
5 0.331629 0.728162 0.176969 0.040237
5 0.866181 0.714804 0.133326 0.037583
