5 0.380206 0.704436 0.025009 0.024988
3 0.419011 0.662723 0.073284 0.074691
3 0.470327 0.610869 0.052025 0.049837
4 0.639690 0.454203 0.075951 0.072216
5 0.493720 0.635152 0.104257 0.104388
5 0.569447 0.559273 0.070709 0.063367
5 0.488954 0.691149 0.043309 0.040802
5 0.531990 0.642224 0.068140 0.068222
5 0.593412 0.673801 0.084542 0.087115
5 0.735626 0.552337 0.082346 0.071991
5 0.604487 0.710319 0.045238 0.044737
5 0.639785 0.675629 0.046105 0.044641
5 0.765193 0.574071 0.073337 0.059245
5 0.663178 0.700372 0.044176 0.042866
5 0.789919 0.600479 0.072405 0.059785
2 0.834832 0.670148 0.117344 0.095765
