3 0.215401 0.396863 0.151724 0.028876
3 0.339908 0.395795 0.077897 0.027166
3 0.428869 0.395550 0.080632 0.027230
5 0.300421 0.425765 0.017552 0.022145
5 0.535667 0.422132 0.110709 0.027926
4 0.724430 0.419575 0.110709 0.027926
3 0.211573 0.454155 0.132488 0.026619
3 0.352438 0.451800 0.129849 0.028370
3 0.481706 0.450168 0.109642 0.023798
5 0.303286 0.480178 0.017552 0.022145
5 0.537165 0.476577 0.107975 0.027863
4 0.723193 0.474084 0.107975 0.027863
2 0.363412 0.542800 0.176016 0.044895
2 0.674631 0.539676 0.212929 0.050221
5 0.166336 0.556898 0.025850 0.024149
5 0.314006 0.579809 0.077897 0.027166
5 0.728445 0.573841 0.113444 0.027990
5 0.383097 0.618161 0.212834 0.048408
5 0.761895 0.611202 0.040572 0.044417
