5 0.106359 0.380977 0.017568 0.023079
3 0.197133 0.378192 0.130206 0.031718
3 0.327009 0.377237 0.112689 0.026486
3 0.456900 0.376853 0.130236 0.025958
4 0.798267 0.379713 0.136997 0.037378
5 0.103616 0.406184 0.024358 0.023159
3 0.173945 0.400780 0.086159 0.021901
3 0.319203 0.403648 0.170346 0.024877
4 0.802359 0.405975 0.136967 0.035070
5 0.177035 0.455099 0.116537 0.027262
5 0.301863 0.454766 0.111445 0.029630
5 0.797780 0.458679 0.155521 0.032543
5 0.185385 0.481893 0.136455 0.026765
5 0.351773 0.481080 0.177136 0.024957
5 0.796779 0.485562 0.159005 0.040550
5 0.199510 0.535511 0.177648 0.029975
5 0.803309 0.540996 0.160339 0.031621
5 0.186655 0.563698 0.164039 0.028991
5 0.347951 0.562945 0.140332 0.026982
5 0.828679 0.569306 0.123179 0.032902
5 0.139865 0.593429 0.082735 0.031173
5 0.820873 0.596290 0.140214 0.031558
2 0.209322 0.652118 0.225002 0.033992
2 0.740039 0.655020 0.311694 0.039857
5 0.148966 0.682009 0.130029 0.031678
5 0.275507 0.683381 0.102563 0.028654
5 0.367203 0.683447 0.055091 0.030383
5 0.733140 0.683720 0.214994 0.043304
5 0.880096 0.686568 0.055091 0.030383
5 0.165070 0.746474 0.170583 0.034029
5 0.314453 0.744717 0.102563 0.028654
5 0.829042 0.747819 0.167188 0.033989
