3 0.425684 0.490307 0.025681 0.007192
3 0.233625 0.494739 0.075756 0.022437
3 0.341529 0.491024 0.124383 0.021982
3 0.497851 0.490480 0.094140 0.023256
4 0.830294 0.486469 0.117977 0.024226
5 0.266169 0.535084 0.147460 0.022158
5 0.832581 0.529840 0.116410 0.027259
5 0.258201 0.579725 0.133227 0.021288
5 0.366234 0.578902 0.076516 0.024095
5 0.848251 0.574318 0.099592 0.024839
2 0.221202 0.650458 0.060541 0.020941
2 0.301746 0.649455 0.078110 0.021729
2 0.399371 0.647129 0.096375 0.020162
2 0.844669 0.642205 0.111542 0.025749
5 0.239689 0.697364 0.098924 0.023239
5 0.848704 0.688302 0.113137 0.024988
