5 0.312661 0.450050 0.041344 0.032291
5 0.515504 0.450050 0.188630 0.030272
3 0.183463 0.482846 0.139535 0.033300
3 0.368217 0.482341 0.198966 0.030272
4 0.684755 0.480827 0.201550 0.031282
3 0.165375 0.513118 0.118863 0.031282
3 0.284238 0.512109 0.103359 0.029263
3 0.394057 0.511100 0.064599 0.027245
4 0.682171 0.509586 0.160207 0.030272
3 0.160207 0.545913 0.108527 0.028254
3 0.317829 0.544904 0.165375 0.030272
4 0.670543 0.540363 0.198966 0.031282
3 0.180879 0.573663 0.134367 0.029263
3 0.363049 0.573158 0.209302 0.030272
4 0.669251 0.570636 0.201550 0.031282
5 0.317829 0.605954 0.041344 0.029263
5 0.520672 0.604945 0.198966 0.031282
3 0.177003 0.635721 0.147287 0.034309
3 0.368217 0.636731 0.204134 0.032291
4 0.677003 0.633199 0.196382 0.031282
5 0.193798 0.670030 0.170543 0.032291
5 0.670543 0.667003 0.224806 0.032291
5 0.165375 0.701816 0.103359 0.029263
5 0.295866 0.700303 0.111111 0.034309
5 0.698966 0.732593 0.198966 0.032291
2 0.222222 0.769425 0.237726 0.033300
2 0.682171 0.766398 0.227390 0.033300
5 0.235142 0.808274 0.253230 0.034309
5 0.692506 0.802220 0.242894 0.034309
5 0.237726 0.842079 0.289406 0.039354
5 0.708010 0.839051 0.206718 0.037336
5 0.179587 0.918769 0.157623 0.037336
5 0.394057 0.915237 0.043928 0.034309
