5 0.174873 0.498891 0.046029 0.031671
3 0.279571 0.488186 0.115828 0.038808
3 0.371181 0.478818 0.060571 0.033158
3 0.438072 0.471979 0.060571 0.033158
3 0.513482 0.463189 0.077612 0.032826
4 0.730353 0.442092 0.180628 0.049582
5 0.190137 0.531855 0.027762 0.025655
3 0.284860 0.523248 0.119145 0.041221
3 0.377721 0.512674 0.066387 0.033752
3 0.470786 0.503158 0.112920 0.038510
4 0.743437 0.474749 0.166723 0.049004
5 0.197290 0.568884 0.028171 0.027771
3 0.275609 0.559797 0.080929 0.035239
3 0.359540 0.549057 0.080929 0.035239
3 0.459671 0.537739 0.113328 0.040626
4 0.761610 0.507415 0.152181 0.053568
5 0.312159 0.626186 0.168586 0.046277
5 0.726384 0.582752 0.183536 0.049879
2 0.298223 0.699896 0.118736 0.039105
2 0.394400 0.691140 0.066796 0.035868
2 0.744439 0.653190 0.186853 0.052293
5 0.295079 0.775739 0.083837 0.035537
5 0.800085 0.721953 0.190193 0.056673
5 0.331487 0.887456 0.119145 0.041221
5 0.782589 0.838643 0.175856 0.052013
