3 0.213561 0.582708 0.117020 0.027530
3 0.321048 0.581759 0.078995 0.027394
5 0.292211 0.618197 0.024330 0.024929
5 0.538058 0.616778 0.117035 0.029644
4 0.795217 0.616093 0.124042 0.030076
5 0.207225 0.691433 0.118208 0.028410
5 0.316493 0.690893 0.078995 0.027394
5 0.617005 0.690527 0.024288 0.023171
5 0.180784 0.728713 0.062412 0.028938
5 0.270469 0.728873 0.101494 0.030293
5 0.800808 0.727735 0.124160 0.029736
5 0.193018 0.769018 0.105021 0.032081
5 0.304026 0.766703 0.097994 0.027640
5 0.808865 0.767215 0.105202 0.031249
2 0.197389 0.803267 0.098021 0.026897
2 0.306063 0.802742 0.095661 0.029368
2 0.794944 0.806141 0.143041 0.029914
