5 0.117395 0.604077 0.030235 0.026133
3 0.260205 0.603157 0.150750 0.027488
3 0.404355 0.602250 0.105290 0.026922
3 0.512941 0.602584 0.070490 0.028170
4 0.858826 0.602990 0.129462 0.028790
5 0.116506 0.634743 0.024874 0.026077
3 0.261303 0.634650 0.153540 0.027429
3 0.395424 0.632831 0.089207 0.026753
3 0.493288 0.633052 0.070490 0.028170
4 0.860618 0.633684 0.129462 0.028790
2 0.566027 0.713732 0.108064 0.030178
2 0.861216 0.705533 0.146247 0.053168
5 0.143051 0.782744 0.091934 0.028395
5 0.863108 0.779010 0.132143 0.028818
5 0.173012 0.812926 0.153634 0.030657
5 0.914513 0.809418 0.027554 0.026105
