3 0.193287 0.475309 0.094907 0.021605
3 0.321759 0.473765 0.115741 0.021605
5 0.109954 0.475309 0.020833 0.021605
4 0.814815 0.484954 0.145833 0.028549
3 0.193287 0.496914 0.094907 0.021605
3 0.311343 0.496914 0.094907 0.021605
3 0.425926 0.496914 0.092593 0.021605
5 0.108796 0.497685 0.018519 0.020062
4 0.813079 0.508873 0.149306 0.030093
3 0.194444 0.520062 0.097222 0.021605
3 0.335069 0.519676 0.144676 0.022377
3 0.469907 0.519290 0.092593 0.020062
5 0.109954 0.520833 0.016204 0.020062
4 0.812500 0.532793 0.148148 0.031636
3 0.200231 0.543210 0.108796 0.021605
3 0.333333 0.541667 0.143519 0.021605
5 0.109954 0.543981 0.016204 0.020062
4 0.811343 0.556327 0.150463 0.032407
3 0.193287 0.566358 0.099537 0.021605
3 0.333333 0.564043 0.138889 0.021605
3 0.435185 0.562500 0.023148 0.016975
3 0.510417 0.564043 0.092593 0.024691
5 0.109954 0.567130 0.016204 0.020062
4 0.810764 0.580633 0.151620 0.033179
3 0.190972 0.589506 0.094907 0.021605
3 0.334491 0.587963 0.141204 0.021605
3 0.467593 0.584877 0.092593 0.021605
5 0.108796 0.591049 0.013889 0.018519
4 0.809028 0.604552 0.152778 0.036265
3 0.189815 0.613426 0.097222 0.023148
3 0.333333 0.611111 0.138889 0.021605
3 0.478009 0.608025 0.113426 0.021605
5 0.106481 0.614198 0.018519 0.021605
4 0.809606 0.628472 0.153935 0.036265
3 0.226273 0.635802 0.172454 0.024691
5 0.107639 0.638117 0.016204 0.020062
4 0.807870 0.652392 0.155093 0.037809
3 0.178241 0.661265 0.074074 0.023148
3 0.295139 0.658951 0.113426 0.021605
3 0.444444 0.652778 0.134259 0.021605
5 0.105324 0.662037 0.025463 0.021605
4 0.807292 0.675926 0.153935 0.035494
3 0.177662 0.684414 0.077546 0.024691
3 0.295718 0.680941 0.116898 0.023920
3 0.431713 0.675926 0.113426 0.021605
5 0.104167 0.686728 0.018519 0.021605
4 0.808449 0.698688 0.151620 0.033179
5 0.233218 0.729167 0.193287 0.030864
5 0.794560 0.739583 0.177083 0.028549
5 0.199074 0.754244 0.122685 0.025463
5 0.351273 0.745370 0.142361 0.029321
5 0.464120 0.739969 0.048611 0.020062
5 0.806134 0.760417 0.151620 0.033179
5 0.198495 0.775463 0.128472 0.029321
5 0.326968 0.768904 0.098380 0.028549
5 0.434028 0.764660 0.067130 0.023148
5 0.806134 0.781636 0.153935 0.041667
2 0.198495 0.810571 0.126157 0.045525
2 0.793403 0.814043 0.181713 0.060185
5 0.092593 0.814815 0.050926 0.040123
