5 0.216258 0.498655 0.016875 0.026198
3 0.337183 0.501233 0.195190 0.040416
4 0.863884 0.509821 0.121983 0.031422
5 0.210564 0.530336 0.016920 0.026667
3 0.301901 0.534688 0.118055 0.029740
3 0.447891 0.536629 0.148990 0.034184
4 0.863695 0.542331 0.122889 0.030499
5 0.207318 0.563627 0.019568 0.027790
3 0.307725 0.566121 0.148990 0.033396
3 0.453119 0.569124 0.114395 0.032812
4 0.863925 0.574599 0.121146 0.031475
5 0.202086 0.598193 0.031040 0.028013
3 0.340904 0.601458 0.209222 0.037035
4 0.850789 0.645580 0.145061 0.032662
5 0.339577 0.634962 0.120748 0.032157
5 0.193563 0.667250 0.029895 0.029632
3 0.328631 0.670589 0.220693 0.035673
3 0.560935 0.675808 0.215022 0.040948
4 0.854334 0.716146 0.156797 0.035264
5 0.330325 0.704868 0.123620 0.033706
5 0.184476 0.739820 0.024492 0.035040
3 0.280812 0.742309 0.126046 0.034493
3 0.415908 0.745167 0.117815 0.038981
4 0.860484 0.753235 0.123308 0.032210
5 0.258719 0.811990 0.184774 0.034247
5 0.848673 0.823482 0.143826 0.033396
2 0.226637 0.844094 0.119513 0.032945
2 0.845592 0.860738 0.145788 0.039565
5 0.235344 0.915461 0.147710 0.035627
5 0.398452 0.919678 0.150444 0.034370
5 0.512153 0.920383 0.056393 0.031862
5 0.845683 0.928968 0.150269 0.034290
