3 0.222877 0.630015 0.172170 0.034722
3 0.370873 0.620370 0.109670 0.027778
4 0.825472 0.628086 0.099057 0.027778
3 0.207547 0.663194 0.139151 0.036265
3 0.330778 0.654321 0.097877 0.030864
4 0.826651 0.661265 0.103774 0.032407
3 0.215212 0.695602 0.152123 0.034722
3 0.354953 0.686728 0.106132 0.024691
4 0.841981 0.695216 0.061321 0.026235
5 0.218750 0.761960 0.154481 0.039352
5 0.816627 0.763117 0.121462 0.038580
5 0.176297 0.800540 0.067217 0.030093
5 0.264741 0.789738 0.095519 0.034722
5 0.823113 0.797068 0.101415 0.032407
5 0.198703 0.861883 0.104953 0.033951
5 0.862028 0.861883 0.021226 0.020062
2 0.364976 0.869213 0.093160 0.033179
2 0.186910 0.893133 0.083726 0.028549
2 0.272995 0.883873 0.079009 0.027006
2 0.814858 0.885417 0.122642 0.033179
5 0.818986 0.942130 0.121462 0.032407
5 0.189269 0.952546 0.083726 0.030093
