3 0.298810 0.363002 0.244566 0.027036
3 0.484345 0.361601 0.126425 0.025855
5 0.188536 0.395225 0.020926 0.020176
5 0.256202 0.396641 0.022985 0.017198
5 0.334189 0.394397 0.095387 0.024275
4 0.764739 0.395104 0.100767 0.025112
5 0.232873 0.438923 0.158240 0.024972
5 0.763622 0.438372 0.098476 0.023544
2 0.255410 0.500590 0.197208 0.024436
2 0.763394 0.499066 0.100689 0.023597
5 0.223420 0.546493 0.126348 0.023582
5 0.765198 0.545299 0.095310 0.022002
5 0.250261 0.595161 0.179742 0.029889
5 0.803563 0.591415 0.020926 0.020176
