5 0.211084 0.291324 0.017165 0.018539
3 0.280130 0.292468 0.075471 0.020809
3 0.378510 0.292069 0.109837 0.024076
3 0.485108 0.296189 0.092405 0.018995
3 0.306176 0.316224 0.130943 0.021053
4 0.707195 0.300229 0.112634 0.021446
5 0.208390 0.337591 0.024071 0.017934
3 0.263175 0.338837 0.048322 0.019010
3 0.345034 0.340193 0.100897 0.019883
4 0.706637 0.346159 0.109737 0.020024
5 0.205864 0.362227 0.022597 0.017235
3 0.304797 0.363877 0.132497 0.020425
3 0.436477 0.365360 0.116688 0.020166
4 0.706312 0.370189 0.109719 0.019373
5 0.206234 0.386234 0.021486 0.017934
3 0.302280 0.388501 0.130843 0.019703
3 0.429745 0.389936 0.112336 0.019396
3 0.307658 0.412253 0.145080 0.019939
4 0.705218 0.394511 0.111111 0.020747
5 0.202729 0.433840 0.018426 0.018515
3 0.345805 0.436210 0.224952 0.023285
3 0.508198 0.437548 0.079543 0.018179
3 0.293476 0.459682 0.123775 0.020260
4 0.703311 0.439765 0.111111 0.022074
5 0.200598 0.482145 0.024170 0.019285
3 0.247554 0.483261 0.032662 0.018751
3 0.326640 0.483545 0.110912 0.019349
3 0.485474 0.485511 0.197853 0.020811
3 0.295641 0.507371 0.132317 0.019703
4 0.704764 0.487792 0.112535 0.022097
5 0.198542 0.529437 0.015628 0.019143
3 0.343082 0.531167 0.227831 0.022680
3 0.504086 0.532132 0.082390 0.018226
3 0.290787 0.554290 0.123874 0.020260
4 0.699910 0.534699 0.112535 0.021422
5 0.193564 0.577695 0.018326 0.017165
3 0.271292 0.578317 0.085418 0.018296
3 0.430061 0.579246 0.211990 0.021047
3 0.281563 0.602139 0.109737 0.022725
4 0.699989 0.582038 0.111012 0.021375
5 0.192120 0.626220 0.017002 0.018232
3 0.239886 0.626409 0.035559 0.018907
3 0.319038 0.626434 0.111093 0.018721
3 0.480770 0.626747 0.200881 0.019531
3 0.287253 0.651249 0.128376 0.019510
4 0.697957 0.628992 0.108314 0.020700
5 0.187779 0.675632 0.015479 0.017117
3 0.258373 0.675111 0.077043 0.020359
3 0.358913 0.674072 0.107053 0.019863
3 0.478713 0.674377 0.124005 0.017583
4 0.706603 0.675774 0.092803 0.024468
5 0.190120 0.700338 0.015660 0.016466
3 0.299979 0.700477 0.169729 0.020852
3 0.455429 0.699334 0.129618 0.022380
4 0.704813 0.700084 0.089757 0.021720
5 0.184663 0.727639 0.079841 0.022230
5 0.276437 0.729497 0.095203 0.019113
5 0.357047 0.729130 0.045588 0.021718
5 0.300910 0.755594 0.187987 0.023347
5 0.680169 0.754101 0.131092 0.023079
5 0.275018 0.778152 0.133790 0.021100
5 0.734861 0.775965 0.024220 0.019960
5 0.258355 0.801201 0.106691 0.021328
5 0.417124 0.803504 0.208199 0.020914
5 0.687391 0.800533 0.112734 0.023448
5 0.262334 0.824592 0.112435 0.020747
5 0.359804 0.826882 0.073898 0.018759
5 0.425953 0.828654 0.041154 0.018217
5 0.473107 0.827069 0.041204 0.018892
5 0.732167 0.822233 0.025693 0.020659
5 0.260793 0.845525 0.109688 0.022050
5 0.361763 0.849237 0.075502 0.018807
5 0.429808 0.853733 0.047247 0.023714
5 0.477649 0.852454 0.037046 0.019630
5 0.732563 0.845902 0.024170 0.019285
5 0.258267 0.870498 0.105268 0.020629
5 0.344272 0.873275 0.055490 0.019803
5 0.732097 0.871586 0.024170 0.019285
5 0.325449 0.896626 0.243609 0.025617
5 0.733105 0.896618 0.024369 0.021986
2 0.266870 0.937224 0.123775 0.021587
2 0.677513 0.945051 0.142793 0.026168
