5 0.131593 0.566680 0.020994 0.023078
3 0.223953 0.564810 0.145870 0.033578
3 0.366558 0.558866 0.126225 0.028400
3 0.512437 0.553550 0.151969 0.029338
4 0.844956 0.541434 0.121935 0.028243
5 0.131696 0.596590 0.020994 0.023078
5 0.237944 0.593466 0.169131 0.029963
5 0.385969 0.588073 0.113354 0.027931
5 0.897450 0.567191 0.025285 0.023234
5 0.129711 0.627324 0.021106 0.024569
5 0.195085 0.624194 0.092013 0.028640
5 0.905062 0.596828 0.027430 0.023312
5 0.128854 0.658765 0.018961 0.024491
5 0.238263 0.654779 0.177937 0.033259
5 0.912730 0.627210 0.025397 0.024726
5 0.128109 0.691698 0.021106 0.024569
5 0.332335 0.682760 0.365649 0.040099
5 0.918421 0.659908 0.027542 0.024804
5 0.130526 0.723767 0.020994 0.023078
5 0.234516 0.719230 0.165065 0.032790
5 0.399703 0.713211 0.147903 0.032165
5 0.925129 0.691822 0.027430 0.023312
5 0.131871 0.755876 0.023252 0.024647
5 0.236934 0.751300 0.164953 0.031298
5 0.401556 0.744554 0.148807 0.033617
5 0.929804 0.725305 0.027542 0.024804
5 0.149633 0.820292 0.074851 0.028015
5 0.239623 0.815517 0.092013 0.028640
5 0.890941 0.794775 0.128708 0.032953
5 0.152051 0.852361 0.074963 0.029507
5 0.252258 0.847961 0.110417 0.035193
5 0.904254 0.828691 0.107255 0.032171
5 0.203385 0.883771 0.172686 0.030904
5 0.947431 0.859275 0.029688 0.024882
2 0.183022 0.920783 0.122497 0.035701
2 0.885883 0.898911 0.159079 0.038522
