3 0.162711 0.571754 0.070536 0.028973
3 0.253811 0.572624 0.101206 0.032715
5 0.350688 0.572895 0.011493 0.023905
4 0.785120 0.577322 0.100278 0.028029
3 0.160617 0.599114 0.067609 0.027567
3 0.245276 0.599006 0.087038 0.029353
5 0.334374 0.600491 0.014677 0.026036
4 0.792998 0.604802 0.081998 0.029136
3 0.150784 0.628735 0.054681 0.030735
3 0.228610 0.628732 0.083715 0.029159
3 0.325802 0.631364 0.103113 0.033418
5 0.424071 0.630066 0.012687 0.024056
4 0.794966 0.633223 0.087258 0.032546
5 0.184657 0.686085 0.132506 0.029423
5 0.787407 0.689239 0.098119 0.028773
5 0.144714 0.715137 0.055296 0.030064
5 0.224003 0.716520 0.083731 0.033823
5 0.795680 0.718289 0.083777 0.028075
5 0.199276 0.745359 0.165775 0.030067
5 0.824609 0.746271 0.014107 0.025404
2 0.156333 0.805162 0.083007 0.033835
2 0.789586 0.804182 0.102103 0.031396
