3 0.175042 0.510241 0.146389 0.039485
3 0.327803 0.508831 0.143034 0.033905
5 0.518288 0.509344 0.019581 0.030718
4 0.754425 0.513260 0.134022 0.037519
3 0.179070 0.552501 0.152574 0.034651
3 0.303166 0.553690 0.076094 0.033771
5 0.518224 0.552685 0.022197 0.033485
4 0.745364 0.556890 0.154671 0.037821
3 0.154957 0.596769 0.101128 0.035498
5 0.518429 0.595963 0.025641 0.030623
4 0.752984 0.600362 0.132645 0.036458
5 0.143122 0.660207 0.082097 0.034837
5 0.235537 0.660656 0.097388 0.033284
5 0.745678 0.664927 0.159739 0.040619
5 0.165236 0.703858 0.143437 0.036719
5 0.770832 0.711421 0.114132 0.041031
5 0.125571 0.746115 0.072411 0.033830
5 0.761198 0.755398 0.142332 0.042156
5 0.169266 0.787782 0.174588 0.038939
5 0.763207 0.796591 0.141031 0.038280
2 0.164915 0.862464 0.191237 0.048356
2 0.738819 0.871336 0.193367 0.051122
