3 0.246528 0.366164 0.210648 0.033360
4 0.679398 0.365369 0.120370 0.034948
3 0.234375 0.408261 0.165509 0.036537
3 0.359954 0.409055 0.048611 0.033360
4 0.731481 0.407466 0.027778 0.030183
5 0.238426 0.448769 0.185185 0.033360
5 0.677083 0.447975 0.118056 0.034948
5 0.190972 0.489277 0.071759 0.031771
5 0.284722 0.488483 0.069444 0.033360
5 0.665509 0.488483 0.159722 0.033360
5 0.215278 0.529786 0.138889 0.033360
5 0.700231 0.528991 0.071759 0.034948
5 0.441551 0.611597 0.232639 0.036537
2 0.214120 0.655282 0.113426 0.033360
2 0.688657 0.654488 0.118056 0.034948
5 0.192130 0.695790 0.097222 0.034948
5 0.657986 0.695393 0.160880 0.037331
5 0.224537 0.737887 0.138889 0.033360
5 0.679398 0.738681 0.141204 0.034948
