3 0.231379 0.331244 0.089575 0.035929
3 0.322268 0.340591 0.094454 0.039656
3 0.416983 0.346299 0.106318 0.037123
3 0.494184 0.354794 0.048123 0.034051
3 0.572218 0.358463 0.110863 0.037632
4 0.756531 0.401374 0.116180 0.045421
5 0.381163 0.374100 0.106318 0.038222
5 0.562221 0.391058 0.026396 0.028286
3 0.212386 0.391607 0.076939 0.034400
5 0.380070 0.436628 0.094454 0.039656
5 0.549213 0.453793 0.025729 0.025068
4 0.754938 0.466315 0.098227 0.036104
5 0.308095 0.492230 0.060091 0.032362
5 0.384243 0.499794 0.094454 0.039656
5 0.740377 0.531337 0.120392 0.045930
5 0.305970 0.523304 0.060758 0.035579
5 0.367376 0.529084 0.065637 0.039306
5 0.744235 0.564783 0.099333 0.043383
2 0.308141 0.596121 0.098456 0.058959
2 0.724013 0.641487 0.128607 0.065743
5 0.389462 0.662024 0.283779 0.081380
5 0.717990 0.701770 0.123728 0.062016
