3 0.141493 0.482639 0.189236 0.032407
3 0.315972 0.482639 0.131944 0.030093
5 0.293403 0.518519 0.177083 0.032407
5 0.479167 0.516204 0.048611 0.027778
4 0.739583 0.517361 0.194444 0.030093
3 0.170139 0.556713 0.256944 0.030093
3 0.407986 0.554398 0.197917 0.037037
3 0.574653 0.550926 0.114583 0.027778
5 0.331597 0.593750 0.093750 0.034722
5 0.479167 0.590278 0.048611 0.027778
4 0.800347 0.591435 0.093750 0.034722
5 0.083333 0.672454 0.111111 0.030093
5 0.208333 0.672454 0.111111 0.030093
5 0.491319 0.667824 0.031250 0.030093
2 0.088542 0.751157 0.135417 0.030093
2 0.715278 0.747685 0.204861 0.034722
5 0.062500 0.791667 0.097222 0.032407
5 0.110243 0.834491 0.203125 0.034722
5 0.809028 0.831019 0.215278 0.037037
5 0.085938 0.877894 0.164931 0.040509
5 0.812500 0.875000 0.208333 0.037037
