3 0.396861 0.360752 0.058296 0.018801
3 0.486547 0.361927 0.121076 0.021152
3 0.573991 0.361927 0.053812 0.021152
5 0.634529 0.363102 0.040359 0.018801
5 0.735426 0.361927 0.107623 0.021152
4 0.885650 0.361927 0.112108 0.021152
3 0.399103 0.379553 0.053812 0.018801
3 0.484305 0.380729 0.125561 0.021152
5 0.634529 0.380729 0.040359 0.021152
5 0.735426 0.380729 0.107623 0.021152
4 0.885650 0.381904 0.112108 0.018801
5 0.538117 0.399530 0.125561 0.021152
5 0.885650 0.399530 0.112108 0.021152
5 0.443946 0.418331 0.125561 0.021152
5 0.551570 0.418331 0.098655 0.021152
5 0.891256 0.418919 0.100897 0.024677
5 0.544843 0.437133 0.112108 0.021152
5 0.892377 0.439483 0.098655 0.021152
5 0.573991 0.457109 0.053812 0.018801
5 0.890135 0.458284 0.094170 0.021152
2 0.598655 0.477086 0.085202 0.021152
2 0.836323 0.478261 0.201794 0.023502
