5 0.109117 0.358503 0.027279 0.021574
3 0.172649 0.356387 0.081120 0.024112
3 0.274946 0.353215 0.096195 0.022843
4 0.749103 0.334814 0.121321 0.028342
5 0.109476 0.379230 0.016511 0.021574
3 0.182699 0.376904 0.099785 0.024535
3 0.302943 0.372885 0.117732 0.024958
3 0.442929 0.369501 0.136396 0.024958
4 0.751256 0.356599 0.121321 0.026227
5 0.107681 0.399958 0.014358 0.020728
3 0.181263 0.397631 0.101220 0.023689
3 0.295047 0.394247 0.099067 0.024535
3 0.396985 0.391709 0.083274 0.025381
4 0.754128 0.377327 0.121321 0.027073
5 0.106963 0.420897 0.015793 0.021151
3 0.153625 0.418993 0.040201 0.022420
3 0.255205 0.416667 0.139986 0.024535
4 0.758076 0.399323 0.122039 0.025381
5 0.106246 0.441201 0.022972 0.021997
3 0.152907 0.440355 0.041637 0.023689
3 0.220029 0.438029 0.065327 0.023266
3 0.312635 0.436337 0.101220 0.024112
4 0.760589 0.421531 0.124192 0.024112
5 0.105528 0.462775 0.014358 0.021997
3 0.152190 0.461717 0.041637 0.023266
3 0.220388 0.459179 0.064609 0.023266
3 0.314429 0.457699 0.100503 0.024535
4 0.773510 0.442470 0.104092 0.025381
5 0.103733 0.484983 0.015075 0.022420
3 0.193108 0.482022 0.120603 0.025804
4 0.765614 0.465313 0.127064 0.027919
5 0.103374 0.506768 0.014358 0.021151
3 0.183776 0.504230 0.104810 0.025381
3 0.313352 0.500635 0.141421 0.028342
4 0.768844 0.487521 0.127782 0.029188
5 0.103733 0.528765 0.015075 0.022843
3 0.182699 0.526861 0.104092 0.025804
3 0.344221 0.522420 0.198851 0.029611
4 0.772434 0.510364 0.126346 0.030880
5 0.102656 0.550973 0.012922 0.022420
3 0.199928 0.548646 0.144293 0.025381
3 0.356425 0.545262 0.102656 0.025381
3 0.461953 0.541878 0.086863 0.028765
4 0.775305 0.533629 0.127782 0.029188
5 0.101938 0.574239 0.014358 0.022420
3 0.200646 0.571912 0.144293 0.026227
3 0.357502 0.567259 0.106246 0.026227
3 0.454415 0.565355 0.068916 0.024112
4 0.778536 0.556684 0.128500 0.027073
5 0.100861 0.596447 0.015075 0.022843
3 0.198492 0.594755 0.147164 0.027919
3 0.348528 0.591582 0.124192 0.026650
3 0.464106 0.588198 0.081120 0.025804
4 0.781407 0.581007 0.131371 0.027496
5 0.100861 0.620135 0.023690 0.023689
3 0.200646 0.618232 0.145729 0.027496
3 0.347452 0.613790 0.123475 0.027919
3 0.456927 0.611675 0.068198 0.025381
4 0.783920 0.603215 0.127782 0.028765
5 0.100861 0.643613 0.025126 0.024958
3 0.160086 0.641709 0.067480 0.023689
3 0.269203 0.638536 0.126346 0.024958
3 0.418880 0.637267 0.148600 0.026650
4 0.787150 0.627961 0.135678 0.026650
5 0.098708 0.667513 0.016511 0.023689
3 0.210696 0.664340 0.168701 0.027496
3 0.319813 0.662014 0.027997 0.025381
3 0.399856 0.659687 0.107681 0.026650
4 0.791457 0.651438 0.129935 0.028765
5 0.098708 0.691624 0.015075 0.023689
3 0.209978 0.688663 0.167265 0.027919
3 0.370782 0.685279 0.129935 0.027919
4 0.794688 0.676184 0.134961 0.028342
5 0.099426 0.715313 0.023690 0.025381
3 0.167624 0.713621 0.082556 0.026227
3 0.291098 0.711929 0.127064 0.027073
3 0.442211 0.707487 0.147882 0.028342
4 0.796841 0.700931 0.129218 0.027919
5 0.099426 0.740059 0.022254 0.024958
3 0.161522 0.738156 0.067480 0.026227
3 0.261665 0.736041 0.106963 0.026227
3 0.382627 0.733714 0.109117 0.027496
4 0.801866 0.725677 0.134961 0.029188
5 0.099067 0.765017 0.022972 0.024958
3 0.161881 0.762902 0.065327 0.025804
3 0.262024 0.760787 0.109117 0.025804
4 0.812635 0.750212 0.114860 0.029188
5 0.099067 0.788706 0.015793 0.024958
3 0.182340 0.786802 0.110553 0.025381
3 0.291098 0.784475 0.091170 0.028342
3 0.395190 0.781937 0.085427 0.029188
4 0.804020 0.774535 0.134961 0.030457
5 0.099426 0.813875 0.019383 0.024535
3 0.181263 0.811971 0.112706 0.029188
3 0.322685 0.809433 0.151472 0.030034
3 0.468772 0.805838 0.113424 0.029611
4 0.807251 0.799492 0.134243 0.027073
5 0.215004 0.861675 0.170136 0.028765
5 0.803302 0.849408 0.153625 0.029611
5 0.159368 0.889171 0.068916 0.030457
5 0.817301 0.874154 0.135678 0.029188
2 0.236540 0.936548 0.213209 0.031303
2 0.737617 0.925550 0.305097 0.034687
