3 0.319336 0.336020 0.272074 0.024476
5 0.195766 0.361057 0.016546 0.016962
5 0.261830 0.363365 0.023190 0.015612
5 0.336935 0.364376 0.092890 0.021771
4 0.727874 0.375077 0.090649 0.021718
5 0.334524 0.389240 0.305686 0.025266
5 0.191867 0.414583 0.014227 0.015401
5 0.257892 0.417645 0.020950 0.015559
5 0.298383 0.415577 0.021106 0.018576
5 0.761145 0.425700 0.023269 0.017120
5 0.284689 0.441686 0.211651 0.024562
5 0.189011 0.469644 0.014305 0.016910
5 0.255114 0.471198 0.021028 0.017068
5 0.323537 0.471296 0.077204 0.021402
5 0.735998 0.477972 0.072722 0.021296
3 0.295916 0.495567 0.244427 0.023870
5 0.185074 0.523924 0.016546 0.016962
5 0.252258 0.526258 0.020950 0.015559
5 0.291629 0.524163 0.023347 0.018629
4 0.761308 0.530674 0.021106 0.018576
5 0.270053 0.550842 0.198285 0.025755
5 0.181058 0.579713 0.014305 0.016910
5 0.248282 0.581293 0.023269 0.017120
5 0.316743 0.580637 0.079523 0.022963
5 0.737165 0.585234 0.077204 0.021402
5 0.166582 0.620907 0.066078 0.022647
5 0.251243 0.621387 0.100953 0.022008
5 0.729489 0.625078 0.092968 0.023279
2 0.235815 0.681061 0.210805 0.023835
2 0.727558 0.683937 0.090727 0.023226
5 0.198794 0.724745 0.145911 0.021493
5 0.725406 0.725421 0.090649 0.021718
5 0.724453 0.765423 0.088330 0.020157
5 0.225115 0.768397 0.203168 0.023193
