3 0.316113 0.421717 0.309027 0.027960
5 0.177374 0.456050 0.015723 0.020056
5 0.341296 0.453198 0.109098 0.025084
4 0.804685 0.450734 0.106107 0.026139
3 0.200959 0.485101 0.077656 0.025444
3 0.315544 0.481431 0.148201 0.027096
5 0.179086 0.517191 0.018663 0.020125
5 0.342325 0.515342 0.104110 0.026063
4 0.806218 0.508426 0.103219 0.025222
5 0.223385 0.562533 0.185522 0.026054
5 0.808553 0.553270 0.109047 0.026070
2 0.246006 0.629599 0.241319 0.028348
2 0.812855 0.621751 0.110092 0.028172
5 0.204456 0.679418 0.170825 0.025710
5 0.809645 0.673140 0.127728 0.028585
5 0.233631 0.731035 0.241267 0.029333
5 0.819816 0.727175 0.113134 0.030212
