3 0.166384 0.401473 0.106422 0.038783
3 0.297598 0.393114 0.139523 0.041488
3 0.389535 0.386783 0.021850 0.029556
5 0.518928 0.376207 0.021850 0.029556
5 0.658853 0.364770 0.127803 0.042845
4 0.807806 0.352596 0.125426 0.047279
5 0.166930 0.439283 0.109432 0.039029
5 0.301153 0.430678 0.142532 0.041734
5 0.394753 0.425394 0.021534 0.027216
5 0.149422 0.478568 0.070313 0.035832
5 0.247219 0.470575 0.109432 0.039029
5 0.378275 0.461046 0.139523 0.041488
5 0.536730 0.451644 0.157578 0.042964
5 0.357274 0.542020 0.163596 0.043456
5 0.827333 0.508332 0.122101 0.044693
5 0.360473 0.582571 0.165575 0.040315
5 0.847756 0.546883 0.104046 0.043217
5 0.327070 0.712468 0.070313 0.035832
5 0.871883 0.669121 0.107371 0.045803
2 0.377177 0.801826 0.130333 0.061565
2 0.858558 0.773127 0.172298 0.085823
