4 0.731762 0.509337 0.104837 0.024680
5 0.176846 0.508651 0.021216 0.018387
3 0.257408 0.511277 0.085833 0.020493
3 0.358618 0.513529 0.101778 0.021013
5 0.467871 0.562612 0.142489 0.022639
5 0.718961 0.561259 0.101620 0.023951
5 0.504860 0.588028 0.068960 0.020797
5 0.727396 0.588347 0.089115 0.024925
2 0.444903 0.650442 0.125266 0.039385
2 0.721313 0.653301 0.128643 0.045482
5 0.520443 0.690184 0.086331 0.021299
5 0.745950 0.692830 0.104773 0.024872
5 0.486644 0.719180 0.120769 0.026270
5 0.730760 0.720863 0.105184 0.024871
