5 0.218877 0.475784 0.024228 0.022116
3 0.315383 0.461699 0.116500 0.037220
3 0.414984 0.448776 0.082468 0.028650
3 0.483646 0.436720 0.049249 0.028732
4 0.720407 0.404682 0.090338 0.029224
5 0.219399 0.498297 0.022681 0.025014
3 0.310491 0.485141 0.088385 0.033119
3 0.374010 0.475108 0.041244 0.027160
3 0.422901 0.468766 0.044473 0.027351
4 0.730781 0.424242 0.092755 0.032695
5 0.225199 0.520570 0.028868 0.022403
3 0.312492 0.507961 0.084421 0.031411
3 0.402037 0.493664 0.085156 0.033215
3 0.493574 0.479272 0.098459 0.034554
4 0.752147 0.441732 0.091479 0.032408
5 0.233455 0.543199 0.045884 0.023456
3 0.317587 0.531971 0.092020 0.033311
3 0.395530 0.518344 0.057989 0.029210
3 0.468060 0.506835 0.090203 0.032217
4 0.758653 0.462317 0.099349 0.034978
5 0.231154 0.568043 0.026045 0.029675
3 0.332736 0.552720 0.107354 0.042496
3 0.432839 0.535970 0.093432 0.035976
3 0.490741 0.525179 0.025504 0.026586
3 0.525208 0.520791 0.043196 0.036099
4 0.769867 0.483115 0.103989 0.040541
2 0.590930 0.578940 0.088597 0.033693
2 0.797450 0.538426 0.139316 0.062562
5 0.284781 0.688125 0.090609 0.046433
5 0.829208 0.597442 0.129281 0.052625
5 0.312982 0.714718 0.139162 0.054675
5 0.848196 0.624418 0.110177 0.046296
