5 0.086771 0.607860 0.114108 0.037628
3 0.207767 0.609915 0.141071 0.040108
3 0.336094 0.612275 0.104334 0.037506
5 0.288884 0.652205 0.186187 0.044883
5 0.480826 0.654374 0.055464 0.036286
4 0.756942 0.661269 0.187754 0.046569
5 0.080969 0.726608 0.114278 0.041245
5 0.205587 0.729720 0.118824 0.034378
5 0.489033 0.736797 0.030858 0.032182
2 0.089347 0.805536 0.138542 0.038360
2 0.712354 0.822842 0.192811 0.050186
5 0.072979 0.840114 0.099447 0.037384
5 0.122373 0.880707 0.202159 0.041694
5 0.779375 0.903235 0.212189 0.047180
5 0.107910 0.917062 0.154026 0.033546
5 0.809263 0.942466 0.143771 0.045471
