5 0.167966 0.461611 0.021017 0.023069
3 0.304449 0.461211 0.128862 0.026956
3 0.406939 0.460766 0.072896 0.029418
3 0.487558 0.458953 0.072728 0.027181
4 0.735264 0.456108 0.103753 0.027293
5 0.169102 0.487361 0.022458 0.020891
3 0.301559 0.487588 0.125810 0.025798
3 0.424949 0.488166 0.105033 0.027620
4 0.735848 0.485801 0.106805 0.028412
5 0.444299 0.538462 0.061382 0.025906
5 0.521823 0.538444 0.084171 0.023850
5 0.736594 0.537330 0.106637 0.028470
5 0.437533 0.620006 0.110111 0.026410
5 0.520653 0.619225 0.043735 0.026126
5 0.560920 0.617760 0.020848 0.020832
5 0.754541 0.615200 0.092056 0.027884
2 0.528088 0.696328 0.092225 0.030121
2 0.754689 0.681355 0.116125 0.048834
5 0.538762 0.720867 0.077813 0.026839
5 0.761459 0.718170 0.116470 0.028646
5 0.512675 0.780991 0.126387 0.029232
5 0.776361 0.777000 0.098836 0.034828
5 0.232545 0.911196 0.030934 0.027952
5 0.305280 0.911670 0.111975 0.029134
