5 0.050704 0.596985 0.025352 0.028141
3 0.167606 0.593970 0.135211 0.030151
3 0.280282 0.591960 0.067606 0.030151
3 0.339437 0.587940 0.028169 0.022111
3 0.416901 0.587940 0.104225 0.030151
4 0.766197 0.588442 0.143662 0.039196
5 0.434507 0.662312 0.181690 0.034171
5 0.746479 0.665327 0.132394 0.032161
5 0.485915 0.700503 0.084507 0.030151
5 0.759155 0.704523 0.112676 0.034171
2 0.414085 0.792462 0.157746 0.067337
2 0.756338 0.796985 0.180282 0.066332
5 0.509859 0.847236 0.104225 0.030151
5 0.792254 0.850754 0.150704 0.041206
