3 0.232421 0.603983 0.162188 0.023451
3 0.362879 0.604491 0.085181 0.021988
3 0.455455 0.605025 0.085023 0.020734
5 0.356785 0.630495 0.099927 0.020894
5 0.479791 0.630703 0.037825 0.020229
4 0.695972 0.630674 0.097487 0.022393
3 0.230158 0.655502 0.159682 0.022714
3 0.371184 0.656279 0.102412 0.020921
5 0.354511 0.681633 0.102455 0.022446
5 0.477539 0.682603 0.035341 0.020202
4 0.696204 0.682548 0.099971 0.022419
3 0.245273 0.706835 0.192019 0.023131
3 0.377659 0.708856 0.056592 0.023859
3 0.455897 0.708011 0.085066 0.022260
5 0.392026 0.733871 0.025405 0.020095
5 0.477771 0.734478 0.037825 0.020229
4 0.736160 0.733234 0.022921 0.020069
5 0.186014 0.785667 0.082582 0.022233
5 0.279211 0.786194 0.080098 0.022206
5 0.484213 0.786285 0.022921 0.020069
2 0.191835 0.837481 0.097601 0.021855
2 0.668334 0.838477 0.099971 0.022419
5 0.184572 0.887910 0.085181 0.021988
5 0.272201 0.889259 0.070118 0.020575
5 0.731889 0.888910 0.099927 0.020894
