5 0.212556 0.562500 0.017208 0.019461
3 0.283301 0.562687 0.086042 0.020584
3 0.370300 0.563249 0.052263 0.020210
4 0.777247 0.566991 0.101338 0.023204
5 0.213193 0.589446 0.021033 0.019461
3 0.283301 0.589820 0.091141 0.021707
3 0.372530 0.590382 0.057999 0.022081
4 0.775016 0.594311 0.101976 0.022455
5 0.211281 0.615269 0.010835 0.020210
3 0.299873 0.615269 0.123008 0.020958
3 0.423199 0.616205 0.086679 0.019835
3 0.526131 0.618451 0.096240 0.025823
4 0.776609 0.620135 0.107712 0.022455
5 0.257489 0.641093 0.035692 0.018713
5 0.301785 0.643900 0.019758 0.011602
5 0.364882 0.642028 0.075844 0.026572
5 0.423518 0.644087 0.017208 0.009731
5 0.799873 0.645958 0.048438 0.004491
5 0.210325 0.669162 0.012747 0.020958
3 0.300829 0.668226 0.122371 0.022829
3 0.448056 0.669349 0.145315 0.022081
3 0.594965 0.671033 0.119184 0.023952
4 0.776291 0.672156 0.109624 0.024701
5 0.212556 0.695921 0.022307 0.021332
3 0.300829 0.695921 0.122371 0.021332
3 0.413639 0.696482 0.070108 0.020210
3 0.524857 0.697418 0.123008 0.025823
4 0.766412 0.698353 0.117909 0.023204
5 0.211600 0.723241 0.015296 0.020584
3 0.274379 0.723054 0.069471 0.020958
3 0.353410 0.723615 0.055449 0.022081
3 0.404716 0.723428 0.016571 0.020210
4 0.774379 0.724738 0.105800 0.022829
5 0.265137 0.749626 0.017846 0.015719
5 0.326004 0.749813 0.077119 0.022081
5 0.443913 0.750936 0.137030 0.024326
5 0.574570 0.750374 0.088591 0.021707
5 0.652645 0.750187 0.033142 0.020584
5 0.798917 0.751310 0.047801 0.004865
5 0.265137 0.776946 0.020395 0.014970
5 0.352454 0.777133 0.127470 0.025075
5 0.474506 0.779379 0.089866 0.024326
5 0.797960 0.778069 0.045889 0.004491
5 0.291587 0.805015 0.110261 0.022455
5 0.763225 0.804079 0.119184 0.020584
5 0.263544 0.828967 0.051625 0.017964
5 0.325685 0.828967 0.038241 0.019461
5 0.775335 0.828406 0.103888 0.019087
5 0.261950 0.852358 0.047164 0.018338
5 0.335245 0.851984 0.048438 0.018338
5 0.778840 0.852358 0.107075 0.022081
2 0.322498 0.901946 0.175908 0.022455
2 0.710006 0.901759 0.240918 0.022829
