3 0.148872 0.574153 0.172743 0.034504
3 0.288194 0.570823 0.069444 0.027845
3 0.365451 0.569007 0.046875 0.026634
3 0.440104 0.567191 0.071181 0.027845
5 0.241319 0.613196 0.020833 0.025424
5 0.309028 0.611380 0.027778 0.026634
5 0.538194 0.608959 0.137153 0.031477
4 0.850694 0.607143 0.142361 0.030266
3 0.114149 0.659806 0.099826 0.031477
3 0.240885 0.655266 0.120660 0.033293
3 0.376302 0.651029 0.115451 0.038136
3 0.516493 0.647094 0.133681 0.027845
3 0.656250 0.647094 0.109375 0.031477
5 0.240451 0.696731 0.022569 0.025424
5 0.309896 0.693705 0.026042 0.026634
5 0.539931 0.690678 0.142361 0.037530
4 0.851997 0.691889 0.150174 0.038741
3 0.104601 0.744249 0.078993 0.033293
3 0.208767 0.738196 0.098090 0.032082
5 0.241319 0.779661 0.027778 0.026634
5 0.307292 0.776029 0.027778 0.026634
5 0.540799 0.772397 0.140625 0.038741
4 0.850694 0.772397 0.142361 0.031477
5 0.138021 0.869855 0.147569 0.037530
5 0.275174 0.862288 0.097222 0.034504
5 0.637153 0.849879 0.024306 0.024213
5 0.219618 0.905872 0.118056 0.034504
5 0.839844 0.892554 0.160590 0.030872
5 0.106337 0.912530 0.078993 0.033293
5 0.266493 0.944613 0.121528 0.034504
5 0.850694 0.935230 0.138889 0.030266
5 0.131076 0.955508 0.126736 0.042978
2 0.266927 0.983354 0.117188 0.033293
2 0.838976 0.972760 0.160590 0.033898
2 0.133247 0.988499 0.125868 0.023002
