5 0.159375 0.329132 0.018750 0.019343
3 0.238021 0.334994 0.111458 0.029894
3 0.396354 0.338218 0.178125 0.026964
4 0.829688 0.331770 0.153125 0.029308
5 0.158333 0.349941 0.020833 0.022274
3 0.259375 0.353751 0.152083 0.031067
3 0.396875 0.357562 0.104167 0.022274
4 0.832292 0.353458 0.154167 0.025791
5 0.154688 0.371043 0.023958 0.019930
3 0.207292 0.372509 0.047917 0.022860
3 0.336979 0.376319 0.186458 0.026964
4 0.845313 0.373974 0.136458 0.025791
5 0.153646 0.390680 0.021875 0.020516
3 0.256771 0.395369 0.153125 0.031067
3 0.414583 0.399472 0.147917 0.022860
4 0.849479 0.394490 0.132292 0.025791
5 0.150000 0.412368 0.016667 0.020516
3 0.192708 0.413540 0.029167 0.020516
3 0.293750 0.418230 0.143750 0.027550
3 0.442188 0.421747 0.123958 0.025205
4 0.846875 0.416764 0.139583 0.026964
5 0.149479 0.433177 0.023958 0.023447
3 0.232292 0.435522 0.108333 0.024619
3 0.353646 0.439625 0.107292 0.024619
4 0.853125 0.438159 0.139583 0.026377
5 0.143229 0.453107 0.019792 0.018757
3 0.211458 0.456038 0.066667 0.022274
3 0.293750 0.459261 0.064583 0.022860
3 0.391667 0.461899 0.106250 0.022274
4 0.852604 0.459848 0.140625 0.027550
5 0.144792 0.473623 0.029167 0.021102
3 0.208333 0.477433 0.070833 0.024033
3 0.291146 0.480363 0.067708 0.024033
3 0.382812 0.484760 0.090625 0.029308
4 0.857292 0.481243 0.139583 0.026964
5 0.137500 0.495311 0.022917 0.022274
3 0.246875 0.499414 0.158333 0.028136
3 0.373437 0.503810 0.065625 0.021688
4 0.859375 0.503810 0.143750 0.026377
5 0.138542 0.518464 0.031250 0.024033
3 0.244271 0.522567 0.163542 0.029894
3 0.409896 0.526377 0.148958 0.025791
4 0.855729 0.525205 0.159375 0.023447
5 0.131250 0.542790 0.022917 0.022274
3 0.231250 0.546307 0.137500 0.026964
4 0.859896 0.548066 0.167708 0.029308
5 0.128646 0.566823 0.026042 0.023447
3 0.229687 0.568875 0.136458 0.027550
3 0.389062 0.572685 0.151042 0.025791
3 0.522917 0.572978 0.089583 0.025205
4 0.863021 0.573271 0.167708 0.031653
5 0.122396 0.590563 0.021875 0.022860
3 0.226562 0.592321 0.140625 0.026377
4 0.875000 0.596424 0.147917 0.029894
5 0.240104 0.641266 0.182292 0.026964
5 0.849479 0.645662 0.213542 0.032239
5 0.228125 0.666178 0.164583 0.028722
5 0.876563 0.671454 0.165625 0.031067
5 0.180208 0.692556 0.075000 0.025205
5 0.876563 0.697831 0.167708 0.032239
5 0.229687 0.746776 0.192708 0.026964
5 0.381771 0.746190 0.073958 0.026964
5 0.473438 0.747362 0.076042 0.026964
5 0.609896 0.747948 0.163542 0.028136
5 0.884375 0.750293 0.170833 0.032825
5 0.227083 0.774619 0.195833 0.028722
5 0.391667 0.774619 0.100000 0.027550
5 0.865625 0.776964 0.212500 0.033411
5 0.223438 0.803341 0.198958 0.027550
5 0.438021 0.803048 0.194792 0.031653
5 0.958854 0.801583 0.032292 0.026377
5 0.222917 0.831184 0.197917 0.029308
5 0.414583 0.831770 0.147917 0.029308
5 0.897917 0.831770 0.166667 0.036342
2 0.243750 0.890387 0.243750 0.031653
2 0.777083 0.890973 0.425000 0.044549
