3 0.200810 0.440201 0.184028 0.034722
3 0.364005 0.444444 0.119213 0.026235
5 0.347801 0.479552 0.156250 0.033179
5 0.512731 0.480710 0.043981 0.023148
4 0.751157 0.480710 0.182870 0.029321
3 0.207176 0.512346 0.182870 0.027778
3 0.359954 0.513889 0.094907 0.024691
5 0.349537 0.549383 0.152778 0.030864
5 0.513889 0.547840 0.041667 0.024691
4 0.753472 0.548611 0.182870 0.029321
3 0.234375 0.586034 0.239583 0.031636
3 0.450810 0.583333 0.172454 0.027778
3 0.598380 0.580247 0.099537 0.024691
5 0.385995 0.620370 0.082176 0.033951
5 0.512731 0.616512 0.039352 0.023148
4 0.804398 0.620370 0.085648 0.030864
3 0.233218 0.661265 0.244213 0.038580
3 0.452546 0.654321 0.168981 0.024691
3 0.609375 0.650849 0.126157 0.031636
5 0.385995 0.690586 0.086806 0.037037
5 0.512731 0.684414 0.039352 0.023148
4 0.806713 0.689043 0.085648 0.029321
5 0.523148 0.753858 0.023148 0.023148
5 0.158565 0.778935 0.111111 0.036265
5 0.280093 0.773148 0.097222 0.027778
2 0.720486 0.830247 0.186343 0.038580
2 0.163773 0.853781 0.130787 0.033179
5 0.139468 0.890046 0.093750 0.030093
5 0.801505 0.906250 0.190972 0.039352
5 0.188079 0.921682 0.190972 0.033179
5 0.811921 0.942130 0.170139 0.037037
5 0.164931 0.955247 0.146991 0.026235
