5 0.231008 0.513162 0.020126 0.024041
3 0.305620 0.512959 0.110644 0.027743
3 0.406400 0.513330 0.078996 0.026258
4 0.762921 0.515685 0.105068 0.028976
2 0.337156 0.573416 0.183623 0.047724
2 0.709482 0.577752 0.204010 0.054814
5 0.287767 0.607086 0.080336 0.027267
5 0.761500 0.608657 0.099719 0.028294
5 0.355330 0.642714 0.217955 0.048471
5 0.724222 0.644997 0.174545 0.050280
5 0.295152 0.675998 0.088140 0.028345
5 0.378296 0.675675 0.061442 0.027554
5 0.449491 0.674316 0.057515 0.027855
5 0.766097 0.676359 0.083986 0.029794
