5 0.203787 0.660006 0.021066 0.020085
3 0.274056 0.660157 0.107970 0.022139
3 0.354430 0.659036 0.050190 0.023787
5 0.711412 0.659181 0.110456 0.023090
4 0.855804 0.659562 0.109328 0.023143
5 0.635620 0.722322 0.114732 0.023806
5 0.774998 0.722584 0.157367 0.025001
5 0.569482 0.750211 0.052262 0.020822
5 0.653160 0.749923 0.108048 0.023648
5 0.781980 0.749948 0.144981 0.025317
2 0.595456 0.776124 0.109445 0.022388
2 0.778986 0.775944 0.141794 0.021598
5 0.638531 0.795643 0.065632 0.021138
5 0.769560 0.796098 0.156317 0.025808
