5 0.263804 0.581036 0.024215 0.023673
3 0.291815 0.558145 0.044298 0.040086
3 0.345137 0.511705 0.079846 0.070514
4 0.573788 0.314410 0.076468 0.069176
5 0.280941 0.597562 0.023296 0.022680
3 0.326921 0.559987 0.079318 0.068461
3 0.387976 0.506603 0.061348 0.053777
3 0.441757 0.460659 0.063577 0.052588
4 0.591223 0.330007 0.074952 0.068312
5 0.294447 0.616182 0.023296 0.022680
3 0.326755 0.588908 0.053811 0.047860
3 0.372437 0.551797 0.055832 0.045678
3 0.412650 0.515225 0.043241 0.039222
4 0.607637 0.346284 0.077456 0.069543
5 0.310596 0.632643 0.024353 0.023543
3 0.338676 0.608824 0.044298 0.040086
3 0.375672 0.578591 0.044298 0.040086
4 0.626060 0.362195 0.076720 0.069306
5 0.392574 0.624966 0.091726 0.079087
5 0.656600 0.398734 0.087221 0.075891
5 0.403690 0.649029 0.083269 0.072176
5 0.679148 0.412582 0.079432 0.071400
5 0.401731 0.682032 0.046274 0.041943
5 0.699444 0.429552 0.079822 0.072027
2 0.467014 0.691924 0.109626 0.095954
2 0.697560 0.498722 0.157375 0.135581
