3 0.210243 0.627407 0.019861 0.024113
3 0.257571 0.625259 0.059641 0.030818
3 0.310436 0.622247 0.045333 0.029115
3 0.369774 0.620709 0.065163 0.027816
3 0.417273 0.618136 0.024969 0.023450
5 0.564811 0.611945 0.019848 0.022625
4 0.830116 0.611523 0.098141 0.028286
5 0.560457 0.643234 0.094312 0.030532
5 0.839748 0.640317 0.089582 0.028936
2 0.571581 0.684727 0.069769 0.024042
2 0.834243 0.680099 0.094223 0.025136
5 0.548069 0.725914 0.132896 0.031030
5 0.871884 0.722258 0.022933 0.023113
5 0.505120 0.767350 0.220855 0.039923
5 0.837145 0.762193 0.098331 0.029004
