5 0.195651 0.418867 0.014054 0.019989
3 0.285426 0.420097 0.070583 0.025145
3 0.357164 0.422302 0.043434 0.021860
4 0.786052 0.419531 0.111184 0.024184
5 0.196360 0.446323 0.014054 0.019989
3 0.292876 0.446710 0.086402 0.023407
3 0.404666 0.447680 0.115723 0.024586
3 0.500064 0.448081 0.043434 0.021860
4 0.786721 0.445462 0.111184 0.024184
5 0.197050 0.473016 0.014093 0.021514
3 0.278321 0.472820 0.054759 0.023519
3 0.350010 0.473119 0.070603 0.022857
3 0.421699 0.473418 0.052462 0.021967
3 0.484934 0.474197 0.052462 0.021967
4 0.787431 0.472918 0.111184 0.024184
5 0.196611 0.499723 0.016311 0.020016
5 0.292533 0.498591 0.086357 0.023892
5 0.389623 0.498971 0.086357 0.023892
5 0.492336 0.498523 0.102116 0.022553
5 0.796000 0.498755 0.095385 0.023998
5 0.195063 0.527205 0.016311 0.020016
3 0.307893 0.525111 0.115658 0.022712
3 0.428097 0.524456 0.102181 0.024772
4 0.788790 0.525541 0.111223 0.025710
5 0.194624 0.553911 0.014093 0.021514
3 0.300683 0.551897 0.104413 0.024105
3 0.396585 0.550003 0.070597 0.025230
3 0.501020 0.551060 0.120257 0.026085
4 0.788905 0.551860 0.111150 0.025402
5 0.193056 0.580631 0.023161 0.023146
3 0.284445 0.578790 0.070597 0.025230
3 0.364548 0.577082 0.072815 0.023732
3 0.437317 0.575842 0.054784 0.023043
3 0.508441 0.575766 0.070563 0.024382
4 0.790169 0.578927 0.111223 0.025710
2 0.548760 0.650817 0.086323 0.025695
2 0.784537 0.644984 0.142157 0.051013
5 0.213303 0.708946 0.079527 0.030609
5 0.786162 0.707904 0.131483 0.030527
5 0.237126 0.735360 0.125756 0.031168
5 0.839425 0.737791 0.025418 0.023173
