5 0.179405 0.598075 0.021587 0.024980
3 0.292007 0.592342 0.119603 0.029075
3 0.401400 0.588862 0.081680 0.023751
3 0.478996 0.585995 0.053676 0.023751
4 0.742707 0.584971 0.106184 0.026618
5 0.181155 0.625921 0.021587 0.024980
3 0.296091 0.621622 0.121937 0.025389
3 0.396441 0.615479 0.067095 0.023751
3 0.465869 0.613227 0.051925 0.022523
4 0.741540 0.612613 0.107351 0.023751
2 0.518378 0.685708 0.081097 0.024980
2 0.742707 0.678133 0.116686 0.045864
5 0.214994 0.763923 0.079930 0.033989
5 0.744749 0.747543 0.109102 0.026618
5 0.239498 0.791564 0.130105 0.040950
5 0.745624 0.776003 0.108518 0.028665
