5 0.150115 0.372685 0.055427 0.027778
5 0.545035 0.377315 0.133949 0.027778
3 0.168591 0.401620 0.110855 0.030093
3 0.258661 0.403935 0.032333 0.011574
3 0.339492 0.403935 0.110855 0.030093
4 0.833718 0.409722 0.138568 0.027778
5 0.168591 0.430556 0.110855 0.027778
5 0.290993 0.432870 0.106236 0.027778
5 0.796767 0.438657 0.203233 0.030093
5 0.191686 0.460648 0.157044 0.027778
5 0.819861 0.467593 0.157044 0.027778
5 0.143187 0.488426 0.060046 0.027778
5 0.542725 0.493056 0.129330 0.027778
3 0.187067 0.518519 0.157044 0.027778
4 0.833718 0.525463 0.138568 0.027778
5 0.159353 0.546296 0.110855 0.027778
5 0.284065 0.548611 0.110855 0.027778
5 0.796767 0.554398 0.212471 0.030093
5 0.180139 0.577546 0.161663 0.030093
5 0.824480 0.585648 0.166282 0.032407
5 0.129330 0.607639 0.060046 0.030093
5 0.501155 0.612269 0.064665 0.030093
3 0.184758 0.640046 0.189376 0.030093
3 0.357968 0.640046 0.138568 0.030093
4 0.889145 0.646991 0.036952 0.025463
5 0.497691 0.673611 0.265589 0.034722
5 0.191686 0.702546 0.212471 0.030093
5 0.831409 0.709491 0.161663 0.030093
2 0.213626 0.733796 0.251732 0.034722
2 0.831409 0.741898 0.161663 0.030093
5 0.184758 0.763889 0.212471 0.030093
5 0.826790 0.771991 0.161663 0.030093
5 0.235566 0.798611 0.318707 0.032407
5 0.838337 0.804398 0.138568 0.030093
