3 0.140566 0.428646 0.104755 0.039616
3 0.257932 0.425388 0.069189 0.038628
3 0.396638 0.421538 0.161659 0.041195
4 0.748923 0.416004 0.189988 0.039158
3 0.142367 0.469639 0.104879 0.042443
3 0.316700 0.466215 0.197225 0.042183
4 0.768506 0.456504 0.161659 0.041195
5 0.526683 0.504260 0.037056 0.034913
5 0.603211 0.503551 0.069189 0.038628
5 0.238749 0.556127 0.104755 0.039616
5 0.397016 0.551734 0.150990 0.040899
5 0.761625 0.543028 0.190236 0.044812
5 0.239020 0.602824 0.108435 0.042542
5 0.784889 0.586256 0.168897 0.044220
2 0.273203 0.651410 0.172577 0.047146
2 0.676685 0.635964 0.378857 0.052872
5 0.257531 0.699965 0.144125 0.046356
5 0.772156 0.681434 0.224023 0.054133
