5 0.203157 0.342934 0.034233 0.023635
5 0.261652 0.340067 0.073381 0.026544
3 0.203432 0.375202 0.034347 0.025132
3 0.257646 0.373241 0.060370 0.026074
3 0.329096 0.369154 0.073381 0.026544
4 0.645540 0.348321 0.078746 0.030327
5 0.220028 0.407631 0.062539 0.026152
5 0.312678 0.403153 0.115555 0.030242
5 0.669326 0.382366 0.060370 0.026074
5 0.208603 0.443325 0.034233 0.023635
5 0.270407 0.441089 0.075436 0.025126
3 0.208992 0.477090 0.034347 0.025132
3 0.264233 0.474341 0.062425 0.024655
3 0.338993 0.470885 0.073381 0.026544
4 0.657262 0.452613 0.077832 0.028199
5 0.225701 0.511016 0.062539 0.026152
5 0.321490 0.504924 0.117724 0.030320
5 0.680477 0.486304 0.062425 0.024655
5 0.214219 0.545961 0.034347 0.025132
5 0.284641 0.542662 0.088675 0.028591
3 0.215863 0.581933 0.036516 0.025211
3 0.265626 0.578631 0.049527 0.025681
3 0.326233 0.574937 0.062539 0.026152
3 0.393345 0.571007 0.062539 0.026152
4 0.664133 0.557456 0.088675 0.028591
5 0.246725 0.616097 0.093012 0.028748
5 0.343028 0.610005 0.092842 0.030876
3 0.247741 0.651340 0.096095 0.031781
3 0.331061 0.645699 0.065621 0.028359
4 0.670559 0.627785 0.090844 0.028669
5 0.235973 0.689300 0.064934 0.029225
5 0.333788 0.681632 0.122004 0.033393
5 0.687782 0.661317 0.089589 0.032216
5 0.225803 0.727200 0.034347 0.025132
5 0.296596 0.721636 0.093869 0.031625
3 0.260945 0.760478 0.112189 0.035247
3 0.366408 0.753265 0.093926 0.032373
4 0.684677 0.734619 0.091871 0.031625
5 0.243242 0.799383 0.066989 0.027806
5 0.341628 0.792089 0.123031 0.032723
5 0.716167 0.770261 0.064821 0.027728
5 0.307175 0.831976 0.137241 0.035440
5 0.693584 0.809361 0.093983 0.031703
2 0.293397 0.908665 0.091814 0.031625
2 0.702091 0.885620 0.093126 0.030245
5 0.286383 0.980981 0.064366 0.021739
5 0.379004 0.976504 0.108879 0.028509
5 0.469514 0.972854 0.062425 0.024655
5 0.709771 0.958156 0.093012 0.028748
