5 0.146654 0.494440 0.026215 0.025511
3 0.239022 0.493514 0.139947 0.030315
3 0.359978 0.495358 0.083143 0.029047
3 0.459478 0.494821 0.101779 0.028450
4 0.816617 0.493118 0.122320 0.032188
5 0.144778 0.525147 0.018991 0.023084
3 0.203356 0.523840 0.065392 0.028651
3 0.330308 0.521575 0.177985 0.028975
4 0.818198 0.522064 0.122956 0.030243
5 0.144552 0.553546 0.022665 0.025432
3 0.188868 0.551422 0.047641 0.028255
3 0.282186 0.551965 0.121119 0.028399
4 0.819840 0.552106 0.122320 0.032188
5 0.239256 0.611628 0.163598 0.030909
5 0.821227 0.609999 0.125746 0.029998
5 0.181401 0.642449 0.051191 0.028334
5 0.232942 0.642435 0.019115 0.025353
5 0.828164 0.639374 0.100894 0.029444
2 0.211973 0.681519 0.109111 0.050021
2 0.819621 0.678181 0.123187 0.048069
5 0.135581 0.682088 0.034184 0.041551
