5 0.156250 0.402778 0.025463 0.027778
3 0.237269 0.402778 0.104167 0.027778
3 0.356481 0.402006 0.108796 0.027778
4 0.803241 0.396991 0.134259 0.036265
5 0.155671 0.435185 0.028935 0.027778
3 0.275463 0.434414 0.185185 0.029321
3 0.443866 0.432870 0.128472 0.029321
3 0.553819 0.433642 0.061343 0.030864
4 0.806713 0.429784 0.131944 0.035494
5 0.155093 0.467593 0.018519 0.024691
3 0.244213 0.467593 0.127315 0.027778
3 0.395833 0.466049 0.150463 0.030864
3 0.533565 0.464506 0.108796 0.027778
4 0.808449 0.461420 0.128472 0.032407
5 0.151620 0.500772 0.020833 0.026235
3 0.231481 0.500386 0.108796 0.030093
3 0.364583 0.499614 0.131944 0.030093
3 0.503472 0.496914 0.127315 0.027778
4 0.809606 0.496528 0.135417 0.036265
2 0.276620 0.578704 0.212963 0.054012
2 0.754051 0.579090 0.271991 0.067130
5 0.232639 0.635031 0.134259 0.054012
5 0.378472 0.634259 0.094907 0.055556
5 0.756366 0.634259 0.269676 0.064815
