5 0.264525 0.529426 0.011444 0.023821
3 0.344190 0.527324 0.084507 0.028024
3 0.425176 0.527324 0.066021 0.028024
3 0.484375 0.526390 0.033891 0.026156
4 0.690801 0.524054 0.076144 0.031761
5 0.264525 0.559318 0.011444 0.023821
3 0.332967 0.558384 0.062060 0.025689
3 0.391285 0.557216 0.039613 0.028024
3 0.437280 0.556282 0.033891 0.026156
4 0.689921 0.553246 0.077025 0.027557
2 0.520026 0.638954 0.063820 0.028024
2 0.690801 0.625876 0.078785 0.045773
5 0.281470 0.699440 0.055018 0.031294
5 0.691681 0.692667 0.077025 0.028024
5 0.298415 0.729332 0.088028 0.032228
5 0.692782 0.723494 0.074824 0.029893
