5 0.176200 0.625173 0.013279 0.019364
3 0.225741 0.624481 0.061287 0.023513
3 0.306946 0.625519 0.088866 0.022822
3 0.401941 0.624827 0.084780 0.020055
4 0.566905 0.625519 0.089888 0.020055
5 0.175179 0.649378 0.013279 0.020747
3 0.237487 0.650069 0.086823 0.022130
3 0.333504 0.651107 0.084780 0.024205
4 0.566905 0.651107 0.087845 0.020055
5 0.221655 0.698479 0.114402 0.022130
5 0.567416 0.699516 0.090909 0.021438
5 0.199694 0.725104 0.076609 0.024205
5 0.575077 0.725795 0.075587 0.021438
2 0.198672 0.748271 0.072523 0.020747
2 0.569459 0.750346 0.088866 0.020747
5 0.199183 0.799447 0.079673 0.023513
5 0.275792 0.799793 0.061287 0.021438
5 0.568948 0.801867 0.089888 0.021438
5 0.224719 0.825380 0.134831 0.022822
5 0.605720 0.829876 0.016343 0.019364
