3 0.232639 0.618436 0.090278 0.023337
3 0.358507 0.618436 0.116319 0.023337
3 0.527778 0.618436 0.173611 0.025671
3 0.749132 0.619020 0.227431 0.026838
3 0.940104 0.619603 0.112847 0.030338
5 0.226562 0.655193 0.032986 0.029172
5 0.552951 0.652275 0.171875 0.028005
4 0.910590 0.652859 0.168403 0.026838
2 0.114583 0.719370 0.145833 0.029172
2 0.316840 0.718786 0.206597 0.032672
2 0.796007 0.717036 0.168403 0.026838
5 0.131944 0.834306 0.149306 0.032672
5 0.768229 0.836056 0.192708 0.022170
5 0.159722 0.879813 0.180556 0.028005
5 0.773438 0.880980 0.157986 0.021004
