5 0.226580 0.457721 0.016340 0.017770
3 0.274782 0.457261 0.053922 0.018689
3 0.353486 0.456648 0.084967 0.019914
3 0.431373 0.456036 0.055556 0.018689
3 0.513617 0.455576 0.087146 0.019608
4 0.792484 0.454044 0.112200 0.022059
5 0.225490 0.475490 0.018519 0.017770
3 0.272059 0.475950 0.051743 0.018689
3 0.335784 0.474877 0.053922 0.018995
3 0.415577 0.474418 0.087146 0.019914
4 0.792484 0.473346 0.111111 0.019608
5 0.309913 0.511336 0.131808 0.018995
5 0.793301 0.510876 0.109477 0.019914
5 0.270153 0.530178 0.052288 0.018689
5 0.335784 0.530178 0.053922 0.018689
5 0.801743 0.530637 0.092593 0.019608
2 0.325708 0.566330 0.160131 0.021752
2 0.742375 0.568627 0.203704 0.020833
5 0.277505 0.584865 0.070261 0.017770
5 0.784041 0.586857 0.120370 0.019914
5 0.293301 0.604167 0.104031 0.020221
5 0.791394 0.605086 0.105664 0.018995
