3 0.188648 0.433258 0.041498 0.033323
3 0.245956 0.428491 0.069843 0.036986
3 0.348124 0.421886 0.124360 0.041161
5 0.111486 0.439989 0.023279 0.030843
4 0.742085 0.398977 0.126672 0.045551
3 0.221615 0.464812 0.110627 0.044197
3 0.311853 0.458406 0.064182 0.031527
5 0.112101 0.473716 0.018695 0.028591
4 0.754062 0.433058 0.108493 0.044159
3 0.231260 0.495123 0.128885 0.040149
3 0.388473 0.484887 0.177722 0.045337
5 0.111520 0.504199 0.020967 0.028629
4 0.747879 0.466899 0.128985 0.042363
3 0.191569 0.531157 0.043770 0.033361
3 0.275598 0.526497 0.114155 0.041009
3 0.374347 0.519949 0.075524 0.037100
3 0.441343 0.516643 0.052800 0.038839
5 0.110979 0.536857 0.018695 0.028591
4 0.749660 0.502783 0.131277 0.044577
3 0.246652 0.560699 0.157290 0.041731
3 0.360202 0.554457 0.048315 0.033437
3 0.432290 0.549987 0.085770 0.038377
5 0.110418 0.568427 0.021007 0.030805
4 0.752567 0.537560 0.131277 0.044577
3 0.260343 0.594217 0.185715 0.042225
3 0.397194 0.588665 0.075584 0.033893
3 0.478940 0.584033 0.075623 0.036069
5 0.111053 0.603242 0.021007 0.030805
4 0.756092 0.575048 0.130240 0.041332
5 0.752895 0.649106 0.152963 0.041712
5 0.158807 0.666654 0.127848 0.034766
5 0.228094 0.664408 0.021007 0.030805
5 0.127608 0.700913 0.068727 0.031603
5 0.206005 0.699603 0.075544 0.031717
5 0.764932 0.685907 0.130240 0.041332
5 0.164687 0.771033 0.155103 0.038779
5 0.813961 0.756916 0.039186 0.031109
2 0.123504 0.804909 0.088603 0.037384
2 0.763586 0.799113 0.155236 0.041750
5 0.133027 0.842846 0.111888 0.038413
5 0.246117 0.842588 0.096075 0.036410
5 0.764828 0.835551 0.154020 0.044957
