3 0.193435 0.473765 0.206331 0.026235
3 0.344666 0.475309 0.065651 0.024691
5 0.352286 0.508873 0.125440 0.028549
5 0.507620 0.509259 0.044549 0.024691
4 0.796014 0.510802 0.133646 0.027778
3 0.191676 0.545139 0.207503 0.031636
3 0.371043 0.545910 0.125440 0.031636
5 0.349355 0.580247 0.126612 0.027778
5 0.507620 0.581019 0.044549 0.026235
4 0.798359 0.583333 0.133646 0.027778
3 0.207503 0.615741 0.246190 0.027778
3 0.377491 0.618441 0.072685 0.033179
3 0.490035 0.616512 0.126612 0.026235
5 0.397421 0.652778 0.025791 0.027778
5 0.507620 0.653549 0.044549 0.026235
4 0.852286 0.657407 0.025791 0.027778
5 0.132474 0.724537 0.105510 0.026235
5 0.250879 0.726080 0.103165 0.026235
5 0.518171 0.727623 0.028136 0.026235
2 0.138335 0.795525 0.121923 0.026235
2 0.759672 0.801698 0.131301 0.026235
5 0.120750 0.829475 0.086753 0.026235
5 0.169402 0.865355 0.186401 0.028549
5 0.839390 0.872685 0.131301 0.026235
5 0.148886 0.902006 0.150059 0.033951
5 0.847597 0.906636 0.110199 0.026235
