5 0.122209 0.698627 0.019700 0.025025
3 0.299576 0.698079 0.113952 0.029034
3 0.407794 0.697501 0.077851 0.027318
3 0.514526 0.697593 0.115921 0.027751
4 0.746696 0.694626 0.115350 0.029028
5 0.314385 0.727135 0.038735 0.025242
5 0.425590 0.725870 0.149940 0.026506
5 0.760187 0.721413 0.098802 0.028508
5 0.121810 0.758549 0.019708 0.025351
3 0.289602 0.755988 0.098890 0.027557
3 0.362272 0.756467 0.021677 0.024069
3 0.454157 0.754116 0.133454 0.027951
3 0.581124 0.752019 0.096851 0.026229
4 0.755428 0.749383 0.115921 0.027751
5 0.122597 0.787928 0.019708 0.025351
3 0.317185 0.784898 0.152497 0.028493
3 0.463416 0.781765 0.116422 0.027757
3 0.563851 0.780623 0.060819 0.027124
4 0.757450 0.778094 0.119393 0.030380
5 0.245117 0.816248 0.113917 0.027728
5 0.753738 0.807850 0.131450 0.027928
5 0.217136 0.847260 0.060318 0.027119
5 0.290988 0.845114 0.062823 0.027147
5 0.356108 0.844373 0.043788 0.026931
5 0.772821 0.837511 0.098933 0.029190
5 0.216991 0.879261 0.058315 0.027096
5 0.293848 0.877081 0.058816 0.027102
5 0.766134 0.868443 0.115939 0.032287
2 0.281738 0.939588 0.185559 0.033749
2 0.693808 0.927548 0.250574 0.034805
