5 0.138889 0.285714 0.023148 0.027539
3 0.255208 0.287435 0.133102 0.032702
3 0.368056 0.289157 0.069444 0.030981
3 0.451389 0.288296 0.064815 0.029260
3 0.541667 0.286575 0.083333 0.029260
4 0.817708 0.277108 0.200231 0.043029
5 0.143519 0.329604 0.027778 0.029260
3 0.257523 0.329174 0.135417 0.033563
3 0.375000 0.330465 0.069444 0.030981
3 0.487269 0.328744 0.122685 0.030981
4 0.822338 0.320138 0.200231 0.043029
5 0.266204 0.417384 0.194444 0.029260
5 0.772569 0.407487 0.216435 0.040448
5 0.209491 0.461274 0.076389 0.030981
5 0.346644 0.457401 0.177083 0.033563
5 0.769097 0.450516 0.190972 0.038726
2 0.237269 0.503442 0.136574 0.029260
2 0.356481 0.501721 0.069444 0.032702
2 0.780671 0.493976 0.214120 0.041308
5 0.206019 0.596386 0.074074 0.032702
5 0.296296 0.593804 0.069444 0.034423
5 0.832755 0.580465 0.216435 0.040448
5 0.745370 0.719449 0.087963 0.030981
5 0.244213 0.739243 0.145833 0.036145
