3 0.270134 0.394465 0.079996 0.035623
3 0.343599 0.391452 0.043819 0.034522
3 0.427892 0.390118 0.101570 0.035436
3 0.544013 0.390397 0.103756 0.037512
4 0.833141 0.374716 0.129550 0.042187
5 0.557640 0.431171 0.081746 0.035651
5 0.348109 0.474154 0.221165 0.037857
5 0.834770 0.459045 0.129529 0.041649
5 0.277393 0.513882 0.078206 0.033481
5 0.360842 0.514149 0.058372 0.033167
5 0.846643 0.500116 0.108519 0.041308
2 0.333600 0.553983 0.180965 0.035652
2 0.778951 0.545350 0.240866 0.050276
5 0.318598 0.593095 0.149434 0.033072
5 0.779745 0.586592 0.240887 0.048161
