5 0.182659 0.446429 0.023074 0.023102
3 0.242017 0.447720 0.069107 0.024103
3 0.315953 0.448572 0.057077 0.025348
4 0.726768 0.444289 0.113897 0.028528
5 0.184728 0.474416 0.015721 0.021435
3 0.258707 0.474514 0.105533 0.026401
3 0.356913 0.475139 0.074037 0.025717
3 0.458254 0.473944 0.109009 0.025616
4 0.728900 0.470780 0.111516 0.028607
2 0.292249 0.536059 0.176062 0.046817
2 0.680441 0.534658 0.221779 0.053416
5 0.244812 0.570875 0.074037 0.025717
5 0.732521 0.566742 0.112828 0.025511
5 0.309556 0.605888 0.215807 0.050530
5 0.700150 0.604954 0.191283 0.051785
