5 0.155525 0.357407 0.022284 0.015608
3 0.232047 0.354904 0.107220 0.018254
3 0.323362 0.353024 0.061134 0.019133
3 0.399356 0.351411 0.071864 0.017640
3 0.472507 0.351314 0.053172 0.019658
4 0.726699 0.341618 0.100231 0.019304
5 0.156677 0.373819 0.022284 0.015608
3 0.201461 0.373041 0.041140 0.015936
3 0.277442 0.371236 0.089692 0.017019
3 0.341665 0.370019 0.024723 0.016822
3 0.392341 0.369139 0.055365 0.017354
3 0.458380 0.368579 0.050897 0.020789
4 0.731387 0.357969 0.107302 0.019427
5 0.159008 0.390211 0.019926 0.015567
3 0.209726 0.389917 0.060079 0.017436
3 0.341639 0.386452 0.187442 0.020819
4 0.733169 0.374957 0.110755 0.021792
5 0.160160 0.406623 0.019926 0.015567
3 0.243836 0.405170 0.121280 0.017328
3 0.344662 0.404299 0.056719 0.017250
3 0.427562 0.400218 0.093077 0.018009
4 0.736699 0.391621 0.113071 0.022378
5 0.162532 0.423601 0.017487 0.014354
3 0.213209 0.422721 0.057722 0.017395
3 0.279816 0.421857 0.056719 0.018422
3 0.338092 0.419965 0.043497 0.015977
3 0.389947 0.419064 0.038948 0.018240
3 0.428756 0.417217 0.022284 0.015608
3 0.467771 0.418300 0.039030 0.019412
4 0.738544 0.409489 0.109824 0.021812
5 0.162547 0.440620 0.019926 0.015567
3 0.214320 0.438547 0.057639 0.016222
3 0.313275 0.436241 0.123719 0.018541
4 0.740286 0.425891 0.113195 0.023005
5 0.256736 0.471262 0.142576 0.018869
5 0.736149 0.459414 0.130955 0.021008
5 0.253215 0.488342 0.123637 0.017369
5 0.376392 0.486496 0.108656 0.018694
5 0.478273 0.483846 0.074386 0.020026
5 0.746141 0.475673 0.113112 0.021833
5 0.220190 0.505348 0.059996 0.016263
5 0.288504 0.503575 0.055365 0.017354
5 0.748472 0.492065 0.115469 0.021874
2 0.277886 0.537210 0.163871 0.020409
2 0.682463 0.526369 0.242833 0.027015
5 0.229473 0.570329 0.074221 0.017681
5 0.311928 0.568310 0.074303 0.018854
5 0.746723 0.559585 0.128680 0.022140
