3 0.218661 0.525195 0.114770 0.032540
3 0.293446 0.523935 0.014888 0.029127
3 0.335637 0.525412 0.044144 0.035723
5 0.111219 0.525692 0.014104 0.028221
4 0.754365 0.524489 0.086131 0.031192
5 0.071119 0.614745 0.043206 0.033958
5 0.140950 0.615319 0.072150 0.030948
5 0.752005 0.609839 0.084920 0.035536
2 0.084987 0.704639 0.073151 0.036212
2 0.170673 0.704508 0.072197 0.033572
2 0.754604 0.703422 0.083075 0.033755
5 0.086247 0.749244 0.072150 0.030948
5 0.752868 0.749988 0.085209 0.035880
5 0.403432 0.863780 0.069399 0.029153
5 0.508339 0.863758 0.108793 0.029825
5 0.595630 0.862730 0.042252 0.031319
