5 0.512908 0.563296 0.023098 0.023970
3 0.152174 0.562547 0.138587 0.025468
3 0.297554 0.563296 0.138587 0.022472
4 0.753397 0.565169 0.142663 0.029213
5 0.512228 0.594007 0.027174 0.026966
3 0.116168 0.593633 0.077446 0.026217
3 0.222826 0.592884 0.127717 0.026217
4 0.744565 0.594757 0.168478 0.028464
5 0.512908 0.622846 0.025815 0.024719
3 0.175272 0.623970 0.195652 0.026966
3 0.187500 0.652434 0.220109 0.028464
3 0.158288 0.679401 0.164402 0.026966
4 0.754755 0.625094 0.148098 0.030712
5 0.514266 0.706367 0.031250 0.026966
3 0.252717 0.707491 0.355978 0.033708
3 0.095788 0.735955 0.039402 0.026217
4 0.757473 0.707491 0.148098 0.030712
5 0.119565 0.779026 0.086957 0.026966
5 0.216712 0.778652 0.104620 0.027715
5 0.752038 0.776404 0.175272 0.032210
5 0.148098 0.810861 0.152174 0.026217
5 0.762228 0.808614 0.152174 0.030712
5 0.112772 0.839326 0.081522 0.026217
5 0.763587 0.837828 0.149457 0.032210
5 0.161685 0.865169 0.182065 0.026966
5 0.817935 0.862921 0.029891 0.023970
2 0.163723 0.913109 0.191576 0.032959
2 0.737772 0.914232 0.203804 0.036704
