3 0.256179 0.551962 0.096413 0.028750
3 0.349456 0.562816 0.081088 0.028966
3 0.405565 0.569562 0.018951 0.021496
5 0.666138 0.605580 0.018804 0.020792
4 0.841662 0.627766 0.106375 0.037497
5 0.209617 0.579199 0.013479 0.012602
5 0.311608 0.589296 0.155574 0.039294
5 0.449278 0.608373 0.108377 0.038424
5 0.661480 0.639298 0.019879 0.021607
5 0.886743 0.664577 0.024663 0.022869
5 0.192195 0.610300 0.013525 0.008489
5 0.333087 0.627600 0.089241 0.033378
5 0.429170 0.640956 0.093098 0.034528
5 0.657845 0.674888 0.020173 0.023126
5 0.886598 0.701724 0.024810 0.023572
5 0.839849 0.754269 0.101545 0.039497
5 0.193648 0.667587 0.122334 0.040243
5 0.272257 0.677657 0.031889 0.027169
5 0.151521 0.705181 0.069573 0.033406
5 0.254803 0.720300 0.131075 0.043212
5 0.844703 0.797885 0.085926 0.039491
5 0.159050 0.803323 0.165004 0.054154
5 0.842507 0.874308 0.019346 0.027720
2 0.105942 0.838987 0.099057 0.041087
2 0.792351 0.911938 0.088075 0.040787
5 0.087024 0.881983 0.088029 0.044900
5 0.777193 0.952692 0.089837 0.029611
