5 0.180556 0.439340 0.020833 0.021201
3 0.319444 0.439340 0.138889 0.025913
3 0.430556 0.439340 0.076389 0.025913
3 0.536458 0.440518 0.121528 0.023557
4 0.755208 0.441696 0.107639 0.025913
5 0.178819 0.467609 0.017361 0.021201
3 0.291667 0.465253 0.090278 0.025913
3 0.390625 0.465253 0.093750 0.025913
4 0.763889 0.469965 0.090278 0.025913
5 0.453125 0.520612 0.059028 0.023557
5 0.532986 0.521790 0.086806 0.025913
5 0.756944 0.524146 0.111111 0.025913
5 0.274306 0.575972 0.090278 0.025913
5 0.405382 0.575972 0.161458 0.028269
5 0.536458 0.575972 0.093750 0.025913
5 0.758681 0.579505 0.107639 0.028269
5 0.446181 0.604240 0.107639 0.025913
5 0.527778 0.604240 0.041667 0.025913
5 0.571181 0.604240 0.024306 0.021201
5 0.765625 0.606596 0.093750 0.025913
2 0.532986 0.681979 0.086806 0.025913
2 0.760417 0.672556 0.111111 0.044759
5 0.532986 0.706714 0.059028 0.028269
5 0.611111 0.707892 0.076389 0.025913
5 0.760417 0.709069 0.111111 0.028269
5 0.236111 0.873969 0.020833 0.018846
5 0.309028 0.872792 0.104167 0.025913
