5 0.193191 0.374222 0.022620 0.030345
3 0.258493 0.375448 0.056145 0.031746
3 0.348946 0.376945 0.099719 0.033255
3 0.466931 0.380291 0.098044 0.033219
4 0.824556 0.382092 0.148150 0.033799
5 0.195474 0.412155 0.019241 0.029271
3 0.274130 0.415083 0.092990 0.032145
3 0.404749 0.416515 0.129806 0.032507
4 0.836902 0.419615 0.128111 0.031505
5 0.191057 0.450015 0.025911 0.028305
3 0.293190 0.451649 0.149904 0.030666
3 0.451413 0.455438 0.121286 0.028282
3 0.566974 0.456679 0.074568 0.031945
4 0.836263 0.458040 0.133983 0.029483
5 0.186655 0.487356 0.022562 0.028269
3 0.277916 0.489919 0.131452 0.030449
3 0.413530 0.491888 0.101218 0.027008
4 0.823897 0.494771 0.144850 0.030630
5 0.183899 0.525817 0.012513 0.028033
3 0.254196 0.528072 0.069602 0.033967
3 0.374810 0.529377 0.123195 0.034547
4 0.833643 0.535381 0.123136 0.032471
5 0.163210 0.606020 0.096398 0.034257
5 0.249506 0.605396 0.034285 0.028396
5 0.426123 0.609903 0.186778 0.033160
5 0.821786 0.614709 0.154110 0.029700
5 0.497836 0.651474 0.054529 0.033224
5 0.835276 0.655874 0.123078 0.030394
5 0.339310 0.688415 0.071247 0.032947
5 0.458234 0.689702 0.121462 0.033491
5 0.831595 0.697377 0.128161 0.032525
2 0.307282 0.782338 0.144316 0.072660
2 0.452989 0.786224 0.137558 0.071013
2 0.819591 0.794952 0.184452 0.068471
