5 0.147524 0.529619 0.022758 0.026720
3 0.223995 0.528580 0.080044 0.028921
3 0.299253 0.527874 0.061045 0.027248
3 0.349425 0.527424 0.025101 0.025934
3 0.397642 0.529390 0.061988 0.033518
4 0.739416 0.530134 0.118233 0.038016
5 0.234193 0.563919 0.058619 0.036023
5 0.308930 0.560316 0.078794 0.027202
5 0.765687 0.561826 0.025060 0.026779
5 0.233144 0.597725 0.057801 0.036053
5 0.303140 0.594254 0.080252 0.029538
5 0.763355 0.594433 0.026279 0.027908
5 0.236290 0.629945 0.057384 0.032673
5 0.326102 0.625310 0.109927 0.025344
5 0.763631 0.626904 0.025143 0.025599
5 0.463511 0.683763 0.159213 0.032432
5 0.725498 0.693647 0.118066 0.035868
5 0.504882 0.716082 0.075273 0.028077
5 0.731821 0.727193 0.095964 0.033151
2 0.439203 0.790260 0.143580 0.056038
2 0.723628 0.804010 0.150755 0.065966
5 0.519769 0.836618 0.093105 0.028401
5 0.748129 0.855332 0.112785 0.041634
