3 0.161009 0.507276 0.201687 0.042933
3 0.304219 0.496065 0.070362 0.033761
5 0.316095 0.530432 0.127229 0.044683
5 0.462519 0.516609 0.046344 0.028818
4 0.727633 0.493333 0.127229 0.044683
3 0.183522 0.576642 0.245379 0.051210
3 0.347806 0.565297 0.066805 0.031215
3 0.442012 0.554775 0.103211 0.039740
5 0.369986 0.598984 0.032557 0.031452
5 0.473490 0.589078 0.050220 0.033524
4 0.793300 0.560503 0.032557 0.031452
5 0.124639 0.696963 0.097250 0.037214
5 0.237324 0.687742 0.108793 0.039513
5 0.497169 0.664526 0.035501 0.031798
2 0.146307 0.776572 0.106548 0.039341
2 0.738087 0.725666 0.145359 0.048935
5 0.189165 0.857579 0.155896 0.042686
5 0.837769 0.796669 0.133117 0.045374
