4 0.824298 0.484627 0.103249 0.021011
3 0.127283 0.482376 0.129294 0.021485
3 0.228340 0.481759 0.066578 0.020552
3 0.299937 0.482582 0.074604 0.020515
3 0.393300 0.482960 0.109809 0.020056
3 0.490181 0.486100 0.086115 0.021717
3 0.112549 0.514763 0.101397 0.023913
3 0.190932 0.512945 0.054160 0.026486
5 0.124257 0.538289 0.051832 0.023016
5 0.191794 0.535930 0.082941 0.020567
5 0.829412 0.545996 0.090892 0.026347
3 0.123406 0.573465 0.129717 0.024352
3 0.222589 0.569652 0.064265 0.020655
3 0.294337 0.569000 0.077310 0.020773
3 0.387813 0.568273 0.107723 0.020804
3 0.483727 0.570255 0.081792 0.021510
3 0.108155 0.605314 0.098775 0.021753
3 0.185646 0.601601 0.053079 0.026538
4 0.821612 0.579705 0.108184 0.027172
5 0.157062 0.626512 0.125620 0.025295
5 0.830319 0.643097 0.091043 0.027821
3 0.253071 0.653743 0.188608 0.027466
3 0.395987 0.652755 0.097074 0.023707
3 0.469481 0.656261 0.050124 0.027337
3 0.107426 0.659711 0.104934 0.027853
4 0.820860 0.676729 0.111351 0.030172
2 0.092336 0.696086 0.077688 0.024718
2 0.803307 0.715899 0.134576 0.032833
5 0.819032 0.758510 0.111351 0.030910
