3 0.144606 0.775882 0.118465 0.026367
3 0.260093 0.775882 0.101919 0.024816
3 0.325943 0.774913 0.027134 0.023653
5 0.650232 0.777433 0.019193 0.020938
4 0.869954 0.779566 0.125083 0.027530
5 0.177035 0.810392 0.077432 0.028693
5 0.285903 0.810585 0.131039 0.026755
5 0.647915 0.813881 0.025149 0.022489
5 0.923561 0.814463 0.023163 0.021326
5 0.264725 0.845677 0.096625 0.024040
5 0.376903 0.845677 0.105228 0.022489
5 0.647915 0.848391 0.029120 0.023265
5 0.921244 0.849166 0.025149 0.020163
5 0.867637 0.898992 0.125745 0.027530
5 0.133355 0.893951 0.130377 0.025979
5 0.220053 0.895696 0.027134 0.021714
5 0.105890 0.928848 0.064858 0.024428
5 0.218729 0.930399 0.136995 0.024428
5 0.875579 0.934277 0.100596 0.026755
2 0.117141 0.961419 0.093977 0.025204
2 0.866645 0.967041 0.121112 0.024816
5 0.119788 0.989919 0.091330 0.020163
5 0.862343 0.994572 0.121774 0.010857
