5 0.215396 0.515868 0.010177 0.018575
3 0.287780 0.520297 0.058075 0.021819
3 0.364778 0.524115 0.076849 0.022808
3 0.445666 0.528375 0.063976 0.021661
3 0.513508 0.532066 0.056884 0.021704
4 0.687113 0.540719 0.077712 0.023242
5 0.212112 0.539536 0.012950 0.018065
3 0.271555 0.542582 0.029287 0.020539
3 0.322279 0.544881 0.053716 0.021961
3 0.387969 0.548249 0.054924 0.021940
3 0.463224 0.552626 0.078436 0.023597
4 0.686731 0.563449 0.077766 0.022622
5 0.207679 0.563450 0.010556 0.019331
3 0.287472 0.566540 0.069340 0.023711
3 0.384897 0.572103 0.107646 0.029186
3 0.480783 0.576129 0.068269 0.022851
4 0.687381 0.586928 0.077184 0.023060
5 0.203872 0.587060 0.011742 0.019079
3 0.278221 0.590872 0.061648 0.022943
3 0.357967 0.593997 0.086193 0.024804
3 0.440874 0.596715 0.069180 0.023037
4 0.687071 0.610594 0.078436 0.023126
5 0.200043 0.611823 0.010600 0.019334
3 0.277252 0.615381 0.058716 0.023217
3 0.348170 0.619399 0.069274 0.024133
3 0.419122 0.620698 0.058431 0.022427
4 0.686043 0.633300 0.080088 0.023729
5 0.196864 0.637587 0.010265 0.020005
3 0.304561 0.641505 0.129543 0.028728
3 0.411024 0.645097 0.072622 0.023251
3 0.495463 0.648672 0.082278 0.024957
4 0.686078 0.657176 0.079528 0.023242
5 0.192253 0.662456 0.011225 0.020503
3 0.268982 0.665438 0.060215 0.024242
3 0.349724 0.667459 0.083436 0.025275
4 0.686746 0.683516 0.080263 0.026037
5 0.239204 0.716108 0.130169 0.029533
5 0.678416 0.731292 0.092193 0.025649
5 0.230652 0.741835 0.115419 0.027696
5 0.678926 0.757583 0.090836 0.025890
5 0.192718 0.767220 0.046825 0.025402
5 0.249734 0.769443 0.044497 0.026515
5 0.217414 0.795459 0.105806 0.027777
5 0.322136 0.799648 0.088801 0.027424
5 0.686022 0.808918 0.082653 0.026048
5 0.183549 0.819641 0.046600 0.024964
5 0.683738 0.835558 0.084412 0.026640
2 0.470790 0.890589 0.081416 0.040598
2 0.669127 0.894331 0.104224 0.047994
