5 0.168411 0.465213 0.019436 0.027028
5 0.197151 0.467226 0.021485 0.021416
3 0.230229 0.463429 0.033173 0.027424
3 0.302310 0.460400 0.099650 0.031234
3 0.374391 0.457372 0.033173 0.027424
3 0.424801 0.456864 0.014937 0.028788
3 0.448762 0.454277 0.021805 0.028987
3 0.476316 0.455377 0.017226 0.028854
4 0.794325 0.440511 0.090492 0.030970
5 0.238737 0.502033 0.046990 0.029714
5 0.298265 0.500314 0.060728 0.030110
5 0.831492 0.479235 0.019356 0.025135
5 0.251904 0.542397 0.074385 0.028614
5 0.338867 0.538939 0.088202 0.030903
5 0.834356 0.519897 0.021725 0.027094
5 0.130601 0.628335 0.049280 0.029780
5 0.200432 0.626319 0.074465 0.030507
5 0.804675 0.604138 0.092861 0.032928
2 0.143317 0.712300 0.076835 0.032466
2 0.227990 0.708908 0.076755 0.030573
2 0.811627 0.687321 0.090572 0.032862
5 0.142786 0.754007 0.076835 0.032466
5 0.227500 0.751562 0.076835 0.032466
5 0.850059 0.728851 0.017066 0.025069
5 0.136572 0.796826 0.065307 0.030243
5 0.819172 0.770961 0.091597 0.035669
5 0.150963 0.839051 0.090572 0.032862
5 0.821483 0.812113 0.090572 0.032862
