5 0.590250 0.432161 0.018122 0.026265
3 0.147143 0.434005 0.133874 0.035576
3 0.271498 0.433693 0.102294 0.032563
3 0.369557 0.432421 0.081282 0.032291
4 0.774140 0.431077 0.140878 0.035667
5 0.591105 0.468614 0.018122 0.026265
3 0.151562 0.473016 0.140878 0.035667
3 0.293397 0.471175 0.130372 0.035531
4 0.774996 0.467530 0.140878 0.035667
5 0.593712 0.505044 0.021624 0.026310
3 0.233933 0.512318 0.310791 0.040475
3 0.450971 0.505594 0.109582 0.037670
4 0.777572 0.502658 0.137437 0.038225
5 0.132842 0.570930 0.091788 0.032427
5 0.237874 0.568265 0.105857 0.035212
5 0.763127 0.558844 0.161891 0.035940
5 0.167029 0.609555 0.158328 0.033290
5 0.778052 0.597718 0.133874 0.035576
5 0.129362 0.646508 0.081282 0.032291
5 0.777127 0.632892 0.137437 0.038225
5 0.181965 0.686196 0.188034 0.038839
5 0.830514 0.668663 0.032252 0.031654
2 0.168609 0.751483 0.154887 0.035849
2 0.767070 0.726787 0.161952 0.038543
5 0.145872 0.790195 0.110958 0.036537
5 0.767172 0.767808 0.163581 0.042426
5 0.827238 0.827584 0.032375 0.036862
5 0.213909 0.853124 0.244221 0.048679
