3 0.255486 0.425950 0.099261 0.022890
3 0.361886 0.424544 0.098171 0.019793
5 0.522482 0.420795 0.014237 0.021612
4 0.704430 0.416932 0.101368 0.026001
3 0.232788 0.457102 0.050335 0.022231
3 0.308624 0.455707 0.091156 0.022025
5 0.523154 0.451725 0.015273 0.020232
4 0.701060 0.447463 0.123715 0.027014
3 0.276476 0.487751 0.133363 0.021035
3 0.286539 0.513834 0.147061 0.021210
3 0.266037 0.541882 0.109927 0.023782
5 0.523347 0.481297 0.016309 0.022356
4 0.708353 0.477826 0.110443 0.032208
3 0.335646 0.567549 0.249902 0.027979
3 0.221001 0.598196 0.026473 0.023140
5 0.526009 0.563498 0.016788 0.021787
4 0.717193 0.561367 0.106891 0.025284
5 0.237267 0.640953 0.064163 0.021662
5 0.306254 0.638895 0.078879 0.024136
5 0.712979 0.633121 0.132914 0.028704
5 0.258110 0.672291 0.108465 0.022254
5 0.726781 0.666500 0.113017 0.027677
5 0.229285 0.703131 0.052389 0.020729
5 0.728253 0.699236 0.109531 0.026879
5 0.264552 0.730811 0.129824 0.024065
5 0.775729 0.726369 0.019825 0.021070
2 0.263517 0.780973 0.136453 0.031828
2 0.715444 0.784229 0.157563 0.035221
