5 0.216710 0.458671 0.026110 0.025932
3 0.296345 0.457050 0.101828 0.025932
3 0.424282 0.457050 0.122715 0.025932
3 0.550914 0.457050 0.104439 0.025932
3 0.668407 0.457050 0.104439 0.025932
4 0.865535 0.458671 0.133159 0.029173
5 0.216710 0.488655 0.026110 0.024311
3 0.336815 0.487844 0.182768 0.025932
3 0.492167 0.486224 0.101828 0.025932
4 0.864230 0.489465 0.133159 0.027553
5 0.219321 0.520259 0.015666 0.022690
3 0.287206 0.518639 0.083551 0.025932
3 0.433420 0.517018 0.182768 0.025932
3 0.579634 0.517018 0.083551 0.025932
4 0.868146 0.521880 0.127937 0.029173
5 0.216710 0.550243 0.026110 0.024311
3 0.336815 0.548622 0.182768 0.027553
3 0.502611 0.547812 0.122715 0.025932
4 0.868146 0.554295 0.133159 0.029173
2 0.343342 0.620746 0.206266 0.051864
2 0.806136 0.627229 0.262402 0.058347
5 0.288512 0.658833 0.086162 0.027553
5 0.859661 0.668558 0.152742 0.032415
5 0.363577 0.699352 0.251958 0.056726
5 0.827023 0.711912 0.220627 0.057536
