3 0.206061 0.501702 0.129601 0.021808
3 0.330593 0.497775 0.088217 0.021431
3 0.426933 0.494851 0.071579 0.019580
5 0.116309 0.503864 0.016956 0.019913
4 0.826428 0.481217 0.135008 0.022961
3 0.213798 0.535769 0.134219 0.024533
3 0.343429 0.528796 0.082023 0.019199
3 0.446813 0.525296 0.081173 0.019711
3 0.544049 0.522189 0.069726 0.019470
5 0.119930 0.536150 0.013342 0.017755
4 0.828667 0.512224 0.134035 0.021352
3 0.223962 0.566608 0.147335 0.023220
3 0.411328 0.559484 0.187716 0.021951
3 0.576651 0.552301 0.097841 0.021142
5 0.122246 0.568482 0.014223 0.017774
4 0.830906 0.543230 0.133185 0.021864
3 0.223969 0.597140 0.140198 0.022523
3 0.353328 0.592572 0.080354 0.022836
3 0.513854 0.586789 0.200954 0.022759
3 0.254092 0.622252 0.197740 0.029559
5 0.127000 0.612440 0.018625 0.017866
4 0.835204 0.586933 0.133277 0.023454
3 0.233121 0.656126 0.153744 0.027591
3 0.398443 0.648934 0.137711 0.024077
3 0.558908 0.641578 0.145666 0.025834
3 0.256533 0.679786 0.190511 0.024658
5 0.132614 0.671244 0.014223 0.017774
4 0.838432 0.642602 0.131455 0.022357
5 0.168439 0.749319 0.075194 0.022762
5 0.275678 0.744163 0.103309 0.022788
5 0.835816 0.719096 0.157993 0.025033
5 0.223995 0.780000 0.175635 0.025933
5 0.887364 0.750117 0.051420 0.024291
5 0.214803 0.811512 0.151737 0.023313
5 0.853502 0.780831 0.131578 0.024478
5 0.210090 0.844257 0.138499 0.022505
5 0.855270 0.811316 0.131547 0.023947
5 0.237803 0.874187 0.185320 0.026119
5 0.381051 0.865877 0.061986 0.022485
5 0.894383 0.839689 0.060102 0.020327
2 0.230711 0.934083 0.149792 0.022709
2 0.388549 0.926764 0.131362 0.020766
2 0.849915 0.901943 0.154225 0.026001
