3 0.285360 0.415544 0.104218 0.026943
3 0.393921 0.416062 0.105459 0.027979
4 0.741935 0.415544 0.104218 0.029016
5 0.601737 0.414508 0.014888 0.024870
3 0.261787 0.447668 0.049628 0.029016
3 0.338089 0.447150 0.095533 0.025907
4 0.734491 0.445078 0.124069 0.032124
5 0.601117 0.446114 0.016129 0.025907
3 0.303970 0.477720 0.133995 0.024870
3 0.452854 0.476684 0.153846 0.026943
3 0.290943 0.509326 0.115385 0.027979
4 0.741935 0.477202 0.104218 0.030052
5 0.602357 0.476166 0.013648 0.023834
3 0.372208 0.537824 0.282878 0.033161
4 0.745037 0.539378 0.105459 0.030052
5 0.602357 0.537306 0.018610 0.027979
5 0.267370 0.588083 0.063275 0.030052
5 0.339950 0.586528 0.074442 0.031088
5 0.735732 0.585492 0.124069 0.031088
5 0.288462 0.620725 0.105459 0.024870
5 0.748139 0.619689 0.104218 0.029016
5 0.258685 0.648705 0.055831 0.026943
5 0.747519 0.650259 0.112903 0.032124
5 0.292804 0.682902 0.136476 0.024870
5 0.793424 0.681347 0.026055 0.027979
2 0.271092 0.733679 0.117866 0.029016
2 0.745037 0.729534 0.127792 0.031088
5 0.246898 0.766321 0.089330 0.030052
5 0.748759 0.767876 0.137717 0.033161
5 0.289702 0.824870 0.199752 0.033161
5 0.806452 0.824352 0.029777 0.034197
