3 0.148778 0.578051 0.099894 0.024564
3 0.265143 0.576466 0.115834 0.026149
3 0.391605 0.576070 0.115834 0.025357
5 0.705632 0.577258 0.017003 0.021395
4 0.856536 0.575674 0.119022 0.027734
5 0.403826 0.656101 0.080765 0.022187
5 0.514878 0.654913 0.115834 0.029319
5 0.834219 0.658082 0.114772 0.024564
5 0.381509 0.687005 0.229543 0.026941
5 0.540914 0.688193 0.065887 0.026149
5 0.845909 0.688590 0.097768 0.028526
2 0.410733 0.742472 0.128587 0.026941
2 0.543039 0.743661 0.116897 0.024564
2 0.797024 0.771395 0.195537 0.040412
5 0.376196 0.771395 0.127524 0.027734
5 0.524973 0.772979 0.150903 0.029319
5 0.675877 0.864897 0.110521 0.027734
5 0.795430 0.860935 0.105207 0.027734
