5 0.196623 0.288691 0.017603 0.018490
3 0.278417 0.289582 0.132530 0.025843
3 0.410266 0.291020 0.117795 0.022632
3 0.546997 0.292511 0.147094 0.022952
4 0.863209 0.295196 0.117795 0.022632
5 0.198383 0.313122 0.017603 0.018490
5 0.255761 0.313748 0.083612 0.022260
5 0.904035 0.320054 0.027412 0.020122
5 0.200121 0.338317 0.017560 0.016965
5 0.339315 0.339072 0.249643 0.024070
5 0.900933 0.343670 0.022486 0.018543
5 0.195819 0.361157 0.015119 0.016938
5 0.299589 0.362288 0.169027 0.021666
5 0.464399 0.364085 0.151935 0.021480
5 0.901514 0.366563 0.024928 0.018570
5 0.192738 0.384010 0.015119 0.016938
5 0.283100 0.384232 0.149536 0.022979
5 0.431997 0.387382 0.132445 0.022792
5 0.903338 0.388707 0.024970 0.020095
5 0.189615 0.408388 0.015119 0.016938
5 0.281197 0.408624 0.149536 0.022979
5 0.430094 0.411773 0.134886 0.022819
5 0.905098 0.413139 0.024970 0.020095
5 0.185270 0.432753 0.017560 0.016965
5 0.249995 0.432696 0.093379 0.022366
5 0.331768 0.434351 0.051828 0.020388
5 0.419035 0.436065 0.111606 0.024065
5 0.904416 0.437544 0.024970 0.020095
5 0.182126 0.457895 0.017603 0.018490
3 0.266319 0.460339 0.137413 0.025896
3 0.400630 0.461040 0.117752 0.021107
3 0.538561 0.463307 0.144653 0.022925
4 0.860920 0.464534 0.120279 0.024184
5 0.177760 0.483023 0.015119 0.016938
5 0.255935 0.482349 0.125120 0.022712
5 0.905409 0.489431 0.024970 0.020095
5 0.173394 0.508150 0.017603 0.018490
5 0.267397 0.509175 0.151978 0.023005
5 0.907104 0.516151 0.025013 0.021621
5 0.169029 0.533278 0.020087 0.020042
5 0.262989 0.535829 0.149579 0.024504
5 0.906358 0.542844 0.024970 0.020095
5 0.165820 0.560707 0.015204 0.019989
5 0.247025 0.560830 0.126298 0.025750
5 0.351363 0.563493 0.068962 0.022100
5 0.908033 0.570327 0.024970 0.020095
5 0.162654 0.586611 0.015204 0.019989
5 0.297554 0.588464 0.233772 0.027684
5 0.908487 0.597796 0.027412 0.020122
5 0.158245 0.613264 0.017603 0.018490
5 0.293735 0.615505 0.235036 0.025436
5 0.910182 0.624515 0.027455 0.021647
5 0.162837 0.667480 0.069005 0.023625
5 0.248294 0.668412 0.088538 0.023838
5 0.854247 0.681123 0.145938 0.029013
5 0.158407 0.694896 0.071447 0.023652
5 0.254198 0.697466 0.104451 0.030086
5 0.863804 0.710979 0.122763 0.025736
5 0.200915 0.725112 0.167806 0.032277
5 0.911848 0.739730 0.027497 0.023173
2 0.175036 0.755346 0.117965 0.028734
2 0.836462 0.771713 0.176650 0.032423
5 0.193602 0.811621 0.189738 0.025679
5 0.183743 0.837070 0.193528 0.024983
5 0.150014 0.864166 0.152020 0.024531
5 0.314760 0.868251 0.164271 0.026189
5 0.869514 0.878115 0.153241 0.029093
5 0.110770 0.891965 0.101924 0.027009
5 0.251710 0.895791 0.166755 0.027741
5 0.885207 0.906513 0.139855 0.025923
