5 0.079523 0.488125 0.030089 0.029327
3 0.354331 0.490604 0.386286 0.035073
4 0.840831 0.491766 0.162844 0.033179
5 0.078538 0.526258 0.034603 0.029380
3 0.198198 0.526144 0.075229 0.029860
3 0.315027 0.526378 0.138116 0.029658
3 0.473650 0.525579 0.156520 0.032344
3 0.611910 0.526447 0.104280 0.029295
4 0.829146 0.529010 0.190415 0.034268
5 0.077592 0.562866 0.034603 0.029380
3 0.261091 0.560453 0.199035 0.032753
4 0.841762 0.565015 0.163291 0.032423
5 0.442828 0.560995 0.142590 0.030520
5 0.075459 0.601748 0.032307 0.027829
3 0.216659 0.598081 0.091828 0.030980
3 0.401168 0.599869 0.264448 0.034269
4 0.841371 0.601629 0.166697 0.037013
5 0.077899 0.638396 0.030050 0.027802
3 0.349431 0.636640 0.352491 0.034756
3 0.576308 0.637784 0.094335 0.036857
4 0.843236 0.639033 0.161074 0.033922
5 0.075806 0.675753 0.032346 0.029354
3 0.212452 0.673551 0.084297 0.031492
4 0.842291 0.675640 0.165588 0.033975
5 0.158601 0.748054 0.202401 0.033489
5 0.827412 0.748703 0.191484 0.035780
5 0.140115 0.786368 0.167476 0.030075
5 0.309468 0.785696 0.157570 0.037642
5 0.840544 0.787002 0.163331 0.033949
5 0.105908 0.821433 0.091847 0.030217
5 0.840192 0.822091 0.162143 0.035434
2 0.138194 0.861109 0.160567 0.037808
2 0.791761 0.861953 0.248007 0.041022
5 0.155295 0.897930 0.187789 0.034438
5 0.318461 0.896040 0.118152 0.031891
5 0.462413 0.895068 0.149361 0.031050
5 0.824690 0.898197 0.189207 0.037279
