3 0.171296 0.461420 0.162037 0.021605
3 0.319444 0.461420 0.115741 0.021605
3 0.444444 0.459105 0.118056 0.021605
3 0.563657 0.458333 0.099537 0.021605
5 0.680556 0.458333 0.023148 0.018519
4 0.820602 0.457562 0.113426 0.023148
3 0.172454 0.486111 0.159722 0.021605
3 0.337963 0.484568 0.157407 0.021605
5 0.679398 0.482253 0.020833 0.020062
4 0.818866 0.481481 0.112269 0.026235
3 0.145833 0.510031 0.097222 0.020062
3 0.252894 0.508488 0.100694 0.023148
5 0.679398 0.506944 0.020833 0.020062
4 0.817130 0.505401 0.111111 0.023148
5 0.391204 0.602623 0.083333 0.020062
5 0.494213 0.601852 0.108796 0.021605
5 0.795139 0.602623 0.118056 0.023148
5 0.365162 0.630787 0.218750 0.027006
5 0.518519 0.630401 0.069444 0.023148
5 0.807870 0.631944 0.097222 0.023148
2 0.395833 0.695216 0.120370 0.023148
2 0.521412 0.694830 0.114583 0.025463
2 0.771991 0.723765 0.182870 0.033951
5 0.299190 0.723380 0.179398 0.025463
5 0.504630 0.723765 0.148148 0.027778
5 0.671875 0.863040 0.128472 0.028549
5 0.743056 0.861883 0.023148 0.026235
