5 0.178651 0.481455 0.023802 0.018737
3 0.249465 0.481962 0.095567 0.023038
3 0.356208 0.482558 0.095700 0.021581
4 0.766094 0.487552 0.115091 0.024354
5 0.182025 0.505545 0.018548 0.019595
3 0.268966 0.506492 0.129926 0.023604
4 0.762342 0.512017 0.117769 0.025248
5 0.183569 0.530261 0.020142 0.019914
3 0.243814 0.530719 0.076194 0.022599
3 0.358566 0.531994 0.129979 0.021763
4 0.761495 0.536152 0.113525 0.023161
5 0.183514 0.554537 0.018521 0.018684
3 0.244551 0.554987 0.076157 0.021385
3 0.377216 0.555172 0.165932 0.021403
3 0.508734 0.555373 0.076157 0.021385
4 0.759286 0.559082 0.110893 0.022273
5 0.185026 0.578190 0.020105 0.018700
3 0.271939 0.578227 0.130427 0.022071
3 0.394268 0.578824 0.094143 0.022475
4 0.766098 0.583590 0.098671 0.024220
2 0.295661 0.637467 0.186417 0.043990
2 0.704514 0.643081 0.228088 0.047217
5 0.277868 0.677551 0.150491 0.039167
5 0.703687 0.685417 0.226948 0.046908
