5 0.183162 0.460486 0.050627 0.023795
3 0.231045 0.460500 0.040847 0.025819
3 0.288881 0.459621 0.077128 0.026688
3 0.348308 0.459911 0.037433 0.023479
3 0.394427 0.462147 0.050742 0.026056
3 0.471995 0.462872 0.100101 0.024979
4 0.772315 0.466666 0.087023 0.026925
5 0.250987 0.490407 0.077128 0.026688
5 0.328497 0.492263 0.074060 0.031131
5 0.774116 0.496139 0.073830 0.026609
5 0.183350 0.521613 0.050627 0.023795
3 0.251138 0.519840 0.080427 0.026767
3 0.308917 0.520092 0.037433 0.023479
3 0.366637 0.521473 0.073945 0.028870
4 0.767556 0.527675 0.090322 0.027004
5 0.251233 0.550404 0.077013 0.024427
5 0.327152 0.551090 0.070762 0.031052
5 0.775838 0.559567 0.077128 0.026688
5 0.129095 0.614263 0.050742 0.026056
5 0.195177 0.613581 0.077128 0.026688
5 0.769257 0.623928 0.090206 0.024743
2 0.137530 0.675588 0.080427 0.026767
2 0.218569 0.673001 0.077128 0.026688
2 0.766032 0.687238 0.090437 0.029265
5 0.141037 0.703970 0.077013 0.024427
5 0.218721 0.702454 0.078123 0.025356
5 0.802178 0.723193 0.020827 0.020823
5 0.136357 0.731024 0.063820 0.024111
5 0.758396 0.755537 0.111761 0.035352
5 0.146288 0.762955 0.087138 0.029186
5 0.765681 0.791366 0.093735 0.029344
