3 0.182870 0.539352 0.131944 0.032407
3 0.367477 0.535880 0.163194 0.030093
4 0.802083 0.535494 0.187500 0.030864
5 0.347801 0.573688 0.258102 0.034722
5 0.802083 0.573302 0.187500 0.029321
5 0.269097 0.613426 0.100694 0.030864
5 0.403935 0.609568 0.092593 0.030864
5 0.817130 0.610340 0.155093 0.029321
2 0.253472 0.652006 0.062500 0.029321
2 0.707755 0.646219 0.362269 0.034722
5 0.285880 0.687500 0.134259 0.032407
5 0.802662 0.684799 0.190972 0.033179
5 0.254630 0.726852 0.064815 0.027778
5 0.847222 0.722222 0.097222 0.027778
