5 0.140625 0.424769 0.017361 0.020833
3 0.253472 0.422454 0.062500 0.025463
3 0.309028 0.424769 0.020833 0.020833
3 0.355903 0.421296 0.045139 0.023148
4 0.789931 0.418981 0.114583 0.027778
5 0.142361 0.456019 0.020833 0.018519
3 0.282986 0.454861 0.121528 0.025463
4 0.800347 0.450231 0.100694 0.025463
5 0.458333 0.509259 0.062500 0.023148
5 0.548611 0.509259 0.097222 0.023148
5 0.792535 0.508102 0.126736 0.032407
5 0.449653 0.600694 0.121528 0.025463
5 0.546875 0.598380 0.045139 0.025463
5 0.595486 0.599537 0.024306 0.018519
5 0.815972 0.601852 0.104167 0.027778
2 0.560764 0.684028 0.100694 0.025463
2 0.815972 0.678241 0.125000 0.041667
5 0.572917 0.717593 0.083333 0.027778
5 0.822917 0.719907 0.125000 0.027778
5 0.546875 0.789352 0.149306 0.027778
5 0.833333 0.788194 0.125000 0.030093
5 0.189236 0.944444 0.031250 0.027778
5 0.284722 0.943287 0.131944 0.030093
