3 0.388756 0.318408 0.178140 0.028369
3 0.554478 0.323225 0.144275 0.026825
5 0.693962 0.328305 0.122399 0.024318
5 0.274604 0.315345 0.041134 0.021071
4 0.863081 0.332590 0.108865 0.024158
5 0.311263 0.337520 0.061495 0.023599
3 0.384206 0.362984 0.184937 0.030736
3 0.521998 0.368616 0.078472 0.026086
3 0.598099 0.370658 0.061495 0.023599
5 0.699577 0.373000 0.129226 0.026685
5 0.266686 0.359880 0.041194 0.023359
4 0.875405 0.379653 0.108924 0.026446
5 0.304918 0.386651 0.064938 0.025927
5 0.309299 0.413595 0.088475 0.034094
5 0.390490 0.415126 0.061554 0.025887
5 0.607166 0.478333 0.078531 0.028374
5 0.931871 0.486743 0.024276 0.023159
5 0.560749 0.506394 0.169947 0.031741
5 0.890530 0.514863 0.112426 0.031062
2 0.587050 0.536457 0.115809 0.031102
2 0.891454 0.544627 0.115809 0.031102
5 0.594712 0.567444 0.098833 0.028614
5 0.890627 0.576659 0.115809 0.031102
5 0.572845 0.627836 0.132727 0.031301
5 0.897551 0.636246 0.098892 0.030902
