3 0.145032 0.382374 0.140564 0.026076
3 0.261307 0.382529 0.070597 0.025250
3 0.351645 0.383752 0.084178 0.026936
5 0.506289 0.383454 0.036703 0.023324
5 0.620346 0.385161 0.102234 0.027149
4 0.815654 0.385909 0.104491 0.027176
5 0.108042 0.436254 0.059312 0.025117
5 0.190422 0.435282 0.088653 0.025463
5 0.812519 0.439390 0.104491 0.027176
2 0.449177 0.488724 0.084139 0.025410
2 0.543991 0.488368 0.084100 0.023883
2 0.807662 0.491745 0.104379 0.027054
5 0.205534 0.539699 0.072815 0.023750
5 0.795994 0.542654 0.115737 0.025783
5 0.534886 0.616740 0.099899 0.024070
5 0.796202 0.615945 0.099865 0.024791
