5 0.227684 0.347572 0.020822 0.020828
3 0.326970 0.355715 0.081818 0.031305
3 0.431989 0.364454 0.124811 0.035765
4 0.731482 0.387975 0.096552 0.034908
5 0.222850 0.372963 0.020822 0.020828
3 0.330735 0.381999 0.099015 0.033089
3 0.423774 0.388416 0.084057 0.029635
4 0.732381 0.413961 0.085087 0.033718
5 0.216583 0.398206 0.017956 0.020531
3 0.304405 0.405160 0.056022 0.028628
3 0.381993 0.412131 0.095746 0.030676
3 0.452819 0.416243 0.041691 0.027141
4 0.723248 0.438907 0.099418 0.035205
5 0.453183 0.468067 0.056022 0.028628
5 0.525241 0.473386 0.078952 0.031007
5 0.716447 0.489987 0.099418 0.035205
5 0.433980 0.545911 0.099015 0.033089
5 0.507470 0.551379 0.038825 0.026844
5 0.541865 0.554947 0.020822 0.020828
5 0.713007 0.569467 0.087953 0.034015
2 0.499306 0.624974 0.079355 0.033123
2 0.699075 0.631665 0.105081 0.048644
5 0.505108 0.648232 0.070353 0.030115
5 0.695911 0.666950 0.102284 0.035502
5 0.471504 0.701926 0.110883 0.036394
5 0.696902 0.723154 0.090819 0.034313
5 0.207760 0.790001 0.027360 0.025655
5 0.269182 0.797453 0.093686 0.034610
