3 0.306578 0.552752 0.175258 0.025382
3 0.451154 0.551529 0.094256 0.021101
3 0.554737 0.551529 0.092293 0.021101
5 0.444772 0.579969 0.111929 0.024159
5 0.581983 0.579511 0.041728 0.019572
4 0.833333 0.579511 0.113402 0.022018
3 0.312960 0.609633 0.194894 0.022324
3 0.466863 0.608869 0.092293 0.020795
5 0.440844 0.638226 0.110947 0.022018
5 0.580020 0.638838 0.041728 0.020795
4 0.834315 0.638991 0.115366 0.023547
3 0.320324 0.666972 0.213549 0.022018
3 0.467845 0.669572 0.066765 0.027217
3 0.556946 0.666972 0.096711 0.022018
5 0.483800 0.696942 0.025037 0.022018
5 0.580020 0.696942 0.041728 0.019572
4 0.877516 0.696942 0.025037 0.022018
5 0.258468 0.753976 0.087874 0.024159
5 0.359107 0.755046 0.089838 0.020795
5 0.591311 0.756269 0.023073 0.020795
2 0.266568 0.811621 0.104075 0.028135
2 0.795778 0.811162 0.112911 0.023547
5 0.254050 0.838685 0.069219 0.024771
5 0.294060 0.869419 0.154148 0.032416
5 0.856406 0.868502 0.131075 0.024465
5 0.279332 0.899541 0.121748 0.036391
5 0.864752 0.896636 0.113402 0.022018
