3 0.209307 0.610615 0.095488 0.020833
5 0.319500 0.610987 0.024980 0.018105
4 0.873489 0.614583 0.112006 0.019841
3 0.198026 0.637525 0.080177 0.022073
3 0.295125 0.640129 0.082595 0.017857
3 0.378525 0.637277 0.047139 0.019593
3 0.462127 0.637153 0.079774 0.021825
3 0.543715 0.637773 0.042305 0.021577
5 0.626309 0.637401 0.009267 0.018849
4 0.882353 0.639881 0.100725 0.019841
3 0.202861 0.661458 0.097099 0.020833
3 0.293715 0.662574 0.046737 0.019593
3 0.401088 0.662202 0.132554 0.019841
3 0.525987 0.662698 0.081789 0.020833
5 0.625504 0.662822 0.014907 0.019593
4 0.881749 0.666171 0.097905 0.020833
3 0.175665 0.687252 0.049154 0.019841
3 0.272562 0.688368 0.112409 0.020585
5 0.391418 0.690724 0.016519 0.023313
4 0.884770 0.691344 0.098308 0.020089
5 0.211724 0.739707 0.128525 0.021081
5 0.872885 0.742436 0.114021 0.019593
5 0.170629 0.765253 0.049557 0.019593
5 0.238920 0.765625 0.045931 0.018849
5 0.321515 0.766865 0.078163 0.021825
5 0.881346 0.768353 0.097905 0.020337
2 0.184327 0.816468 0.078566 0.019841
2 0.872079 0.819444 0.114827 0.020337
5 0.186140 0.867312 0.083803 0.019345
5 0.870064 0.869544 0.115633 0.019345
5 0.201249 0.891369 0.113215 0.018849
5 0.920427 0.893725 0.017325 0.017609
