5 0.088652 0.452402 0.021277 0.029694
3 0.224586 0.453712 0.156028 0.032314
3 0.359929 0.452402 0.079196 0.036681
3 0.455083 0.454148 0.078014 0.036681
4 0.682033 0.454148 0.160757 0.038428
5 0.088061 0.492140 0.027187 0.032314
3 0.197991 0.493450 0.107565 0.031441
3 0.322104 0.491703 0.105201 0.033188
3 0.449764 0.493013 0.124113 0.030568
4 0.681442 0.495197 0.161939 0.040175
5 0.087470 0.531878 0.021277 0.031441
3 0.211584 0.532751 0.130024 0.027948
3 0.321513 0.532751 0.049645 0.027948
3 0.430260 0.531441 0.118203 0.028821
4 0.683215 0.535808 0.156028 0.037555
5 0.085697 0.571616 0.024823 0.032314
3 0.219267 0.572052 0.154846 0.027948
4 0.686170 0.576856 0.154846 0.034061
5 0.086879 0.613537 0.024823 0.028821
3 0.225177 0.611790 0.150118 0.028821
3 0.393026 0.609607 0.150118 0.031441
4 0.679669 0.613537 0.165485 0.039301
5 0.243499 0.690393 0.208038 0.039301
5 0.669622 0.693450 0.180851 0.040175
5 0.186170 0.732314 0.076832 0.034061
5 0.681442 0.734061 0.152482 0.035808
5 0.158392 0.774672 0.030733 0.033188
5 0.269504 0.770306 0.156028 0.038428
5 0.426123 0.766812 0.124113 0.031441
5 0.692080 0.774236 0.131206 0.041048
2 0.218676 0.824891 0.160757 0.065502
2 0.556738 0.824017 0.335697 0.075983
