5 0.085842 0.586767 0.019218 0.034823
3 0.266176 0.585316 0.224856 0.051654
3 0.459001 0.580383 0.158232 0.037145
4 0.788277 0.579222 0.133889 0.039466
5 0.085842 0.621590 0.024343 0.034823
5 0.166560 0.625363 0.016656 0.012188
5 0.256887 0.622461 0.156310 0.044689
5 0.849776 0.611724 0.027546 0.034823
5 0.145740 0.693268 0.155669 0.040046
5 0.234785 0.691817 0.022422 0.037145
5 0.789558 0.688334 0.136451 0.039466
2 0.125240 0.728961 0.109545 0.037145
2 0.791160 0.726640 0.139654 0.041788
5 0.108584 0.771039 0.083921 0.047011
5 0.200512 0.766106 0.101217 0.037145
5 0.323831 0.766396 0.133889 0.042368
5 0.748559 0.775392 0.178732 0.047591
5 0.848495 0.770168 0.030109 0.034823
