3 0.221522 0.452489 0.081194 0.025418
3 0.317873 0.452131 0.082548 0.022226
3 0.447475 0.451334 0.155511 0.027737
5 0.214041 0.479430 0.068266 0.025291
5 0.203281 0.507741 0.040659 0.023795
5 0.357843 0.507649 0.116666 0.023703
4 0.728173 0.502361 0.113867 0.023734
5 0.256484 0.564588 0.161050 0.025491
5 0.734801 0.558678 0.120362 0.024634
5 0.210474 0.595071 0.065742 0.026279
5 0.326378 0.593469 0.135162 0.031800
5 0.744408 0.588750 0.099752 0.028011
2 0.230320 0.653790 0.103448 0.023520
2 0.740123 0.647924 0.123115 0.023948
5 0.216360 0.715397 0.086443 0.026211
5 0.743663 0.708127 0.125686 0.026221
5 0.236592 0.747238 0.128086 0.028221
5 0.744905 0.738743 0.124515 0.026301
