3 0.245740 0.474837 0.126421 0.029152
3 0.380746 0.467987 0.123453 0.028359
3 0.468102 0.463216 0.037438 0.023920
5 0.226296 0.501701 0.085039 0.025269
5 0.430372 0.491894 0.032818 0.020748
5 0.587342 0.485195 0.095270 0.023847
4 0.731893 0.479658 0.089145 0.023528
3 0.252758 0.528803 0.126421 0.029152
3 0.386680 0.520924 0.125621 0.026299
3 0.474978 0.515724 0.037154 0.021003
5 0.232230 0.555732 0.082871 0.025141
5 0.435032 0.544530 0.032818 0.020748
5 0.593676 0.538132 0.093901 0.027238
4 0.735720 0.532818 0.091815 0.022735
3 0.258503 0.581375 0.128589 0.029280
3 0.392919 0.573099 0.124253 0.028295
3 0.479638 0.568359 0.037154 0.021003
5 0.236985 0.609097 0.083061 0.026600
5 0.439693 0.597166 0.032818 0.020748
5 0.598336 0.590767 0.093901 0.027238
4 0.741308 0.585627 0.097627 0.025433
3 0.260738 0.635994 0.129483 0.032862
3 0.396685 0.627622 0.126421 0.029152
3 0.484204 0.620266 0.037343 0.022462
5 0.239857 0.664777 0.083061 0.026600
5 0.445627 0.651196 0.034986 0.020875
5 0.603443 0.642642 0.095364 0.025971
4 0.746457 0.641180 0.098224 0.024102
5 0.220344 0.724715 0.041869 0.024175
5 0.268934 0.720385 0.039701 0.024048
5 0.355559 0.714551 0.128779 0.030738
5 0.426818 0.708152 0.022357 0.023027
5 0.526451 0.701553 0.104931 0.029334
5 0.584798 0.696649 0.022167 0.021568
2 0.318655 0.775177 0.182315 0.040300
2 0.736136 0.751674 0.182573 0.024542
5 0.269589 0.864012 0.116760 0.025059
5 0.768038 0.833568 0.099985 0.024895
