5 0.113376 0.660900 0.017834 0.025952
3 0.230573 0.659170 0.104459 0.029412
3 0.329936 0.658304 0.063694 0.027682
3 0.414013 0.658304 0.068790 0.031142
4 0.829299 0.659170 0.124841 0.029412
5 0.109554 0.692907 0.020382 0.027682
5 0.226752 0.692042 0.107006 0.029412
5 0.347771 0.691176 0.104459 0.031142
5 0.480255 0.692042 0.135032 0.029412
5 0.843312 0.692042 0.107006 0.029412
2 0.545223 0.784602 0.107006 0.031142
2 0.842038 0.774221 0.140127 0.058824
5 0.129936 0.856401 0.086624 0.029412
5 0.836943 0.857266 0.145223 0.031142
5 0.160510 0.891003 0.147771 0.029412
5 0.847134 0.892734 0.127389 0.029412
