5 0.171875 0.648817 0.024306 0.027397
3 0.229167 0.648817 0.069444 0.032379
3 0.331597 0.647572 0.114583 0.034869
3 0.454861 0.646326 0.111111 0.032379
4 0.892361 0.652553 0.118056 0.034869
5 0.170139 0.684932 0.020833 0.029888
3 0.229167 0.683686 0.069444 0.032379
3 0.342014 0.682441 0.128472 0.034869
3 0.486111 0.682441 0.131944 0.034869
4 0.892361 0.691158 0.118056 0.037360
5 0.147569 0.753425 0.107639 0.032379
5 0.211806 0.753425 0.027778 0.032379
5 0.465278 0.752179 0.173611 0.032379
5 0.885417 0.765878 0.138889 0.037360
2 0.414931 0.788294 0.072917 0.032379
2 0.883681 0.803238 0.135417 0.037360
5 0.130208 0.788294 0.072917 0.032379
5 0.211806 0.788294 0.027778 0.032379
5 0.425347 0.824408 0.093750 0.034869
5 0.885417 0.840598 0.138889 0.037360
