5 0.051857 0.527884 0.027445 0.027305
3 0.113458 0.528226 0.089896 0.027761
3 0.199289 0.528171 0.085161 0.027911
3 0.300593 0.527661 0.117234 0.026662
4 0.790645 0.531155 0.124650 0.028466
5 0.099504 0.555730 0.096183 0.030970
5 0.078858 0.582674 0.054678 0.026185
5 0.106843 0.662958 0.149376 0.034879
5 0.786609 0.662725 0.121400 0.033251
2 0.084625 0.691981 0.098864 0.032582
2 0.788851 0.689698 0.125672 0.031789
5 0.072821 0.759636 0.082759 0.050773
5 0.789464 0.751865 0.127264 0.051385
5 0.109678 0.795487 0.174275 0.070405
5 0.794194 0.794523 0.112075 0.054252
5 0.120305 0.610521 0.132635 0.029394
