3 0.273063 0.420113 0.282903 0.024436
5 0.143911 0.455827 0.019680 0.024436
5 0.222632 0.459586 0.024600 0.020677
5 0.309963 0.456767 0.110701 0.026316
4 0.793358 0.453947 0.113161 0.028195
5 0.186962 0.510338 0.194342 0.024436
5 0.797048 0.508459 0.110701 0.028195
2 0.209717 0.587406 0.249692 0.026316
2 0.804428 0.585526 0.115621 0.028195
5 0.166052 0.645677 0.172202 0.028195
5 0.809348 0.644737 0.115621 0.030075
5 0.155597 0.706767 0.161132 0.026316
5 0.277983 0.705827 0.081181 0.028195
5 0.814268 0.704887 0.115621 0.030075
