5 0.107244 0.482169 0.066761 0.025260
3 0.251420 0.480312 0.107955 0.023031
3 0.365767 0.479941 0.089489 0.025260
4 0.814631 0.480684 0.132102 0.026746
5 0.104403 0.511144 0.075284 0.022288
3 0.262784 0.508915 0.133523 0.022288
3 0.379261 0.508915 0.068182 0.022288
3 0.480114 0.507801 0.107955 0.021545
4 0.818892 0.509658 0.126420 0.026746
5 0.104403 0.539747 0.061080 0.023031
3 0.270597 0.539376 0.151989 0.022288
3 0.414773 0.539376 0.113636 0.023774
4 0.817472 0.539376 0.129261 0.026746
5 0.102983 0.569465 0.066761 0.023031
3 0.324574 0.567608 0.251420 0.023774
4 0.808239 0.567236 0.147727 0.026003
5 0.103693 0.597325 0.071023 0.023774
3 0.291903 0.596582 0.200284 0.025260
3 0.436790 0.595840 0.069602 0.023774
3 0.541903 0.594725 0.106534 0.023031
4 0.816051 0.595468 0.129261 0.026003
5 0.106534 0.625929 0.071023 0.023031
3 0.249290 0.626672 0.112216 0.023031
3 0.354403 0.625557 0.072443 0.026746
3 0.459517 0.624814 0.115057 0.025260
4 0.821733 0.625186 0.126420 0.026003
5 0.293324 0.686478 0.069602 0.023774
5 0.397017 0.684621 0.117898 0.024517
5 0.813210 0.683878 0.149148 0.027489
5 0.289062 0.714710 0.069602 0.025260
5 0.821733 0.713596 0.132102 0.027489
2 0.315341 0.783432 0.119318 0.039376
2 0.812500 0.783061 0.161932 0.052006
5 0.130682 0.907504 0.093750 0.023031
5 0.205966 0.904903 0.028409 0.022288
5 0.333807 0.905275 0.150568 0.028975
