5 0.146160 0.508723 0.011267 0.021547
3 0.195236 0.507510 0.054948 0.020857
3 0.271560 0.508020 0.069993 0.023529
4 0.775191 0.501498 0.106367 0.027275
5 0.144210 0.534101 0.018718 0.021430
3 0.203985 0.534233 0.072109 0.022178
4 0.773783 0.527639 0.110709 0.030001
5 0.287257 0.560103 0.274201 0.031131
5 0.655081 0.558080 0.112713 0.025336
5 0.142480 0.587223 0.015429 0.021442
3 0.202434 0.586816 0.070445 0.024211
3 0.331417 0.587751 0.121362 0.029448
3 0.433295 0.585630 0.054080 0.026702
3 0.504292 0.585863 0.055147 0.027372
4 0.767137 0.581977 0.129153 0.027532
5 0.149038 0.612191 0.026336 0.026398
3 0.228011 0.611660 0.120257 0.028097
4 0.776093 0.610681 0.110635 0.027322
5 0.144224 0.640711 0.010652 0.020208
3 0.210336 0.641325 0.091768 0.026454
3 0.331269 0.640005 0.122280 0.024102
3 0.434794 0.639540 0.053987 0.023354
4 0.773103 0.637509 0.133043 0.027567
5 0.143676 0.668855 0.012371 0.022898
3 0.229566 0.667580 0.124470 0.026135
3 0.367799 0.667740 0.124214 0.024137
3 0.486805 0.667441 0.088189 0.025737
3 0.586099 0.668363 0.094666 0.028486
4 0.772809 0.665313 0.128794 0.028190
5 0.223918 0.694772 0.137293 0.026944
5 0.647078 0.692481 0.129917 0.030211
5 0.220693 0.720943 0.104573 0.023903
5 0.757939 0.719063 0.162195 0.027225
5 0.229639 0.746961 0.120145 0.024079
5 0.359344 0.747136 0.109238 0.026141
5 0.784151 0.746916 0.112788 0.028015
5 0.191997 0.775120 0.052665 0.025472
5 0.779121 0.777116 0.124563 0.029483
2 0.250154 0.832148 0.171570 0.032006
2 0.683628 0.836108 0.323169 0.036345
