3 0.291314 0.168695 0.175847 0.027655
3 0.478814 0.163717 0.194915 0.026549
5 0.105932 0.168142 0.088983 0.022124
5 0.213983 0.201327 0.021186 0.026549
5 0.342161 0.202434 0.133475 0.030973
4 0.886653 0.192478 0.129237 0.030973
3 0.265890 0.237832 0.129237 0.026549
3 0.460805 0.237832 0.230932 0.026549
5 0.106992 0.242810 0.091102 0.025442
5 0.213983 0.279314 0.021186 0.025442
5 0.341102 0.278761 0.131356 0.026549
4 0.881356 0.269912 0.135593 0.026549
3 0.311441 0.315265 0.224576 0.024336
5 0.106992 0.316925 0.108051 0.025442
5 0.218220 0.356748 0.029661 0.023230
5 0.343220 0.353982 0.131356 0.026549
4 0.872881 0.346239 0.152542 0.026549
3 0.281780 0.392699 0.156780 0.024336
3 0.422669 0.392146 0.099576 0.025442
3 0.531780 0.389381 0.114407 0.024336
5 0.104873 0.393805 0.095339 0.026549
5 0.215042 0.429204 0.019068 0.026549
5 0.343220 0.430310 0.127119 0.026549
4 0.885593 0.423119 0.131356 0.025442
3 0.288136 0.469580 0.173729 0.025442
3 0.401483 0.465708 0.061441 0.028761
3 0.496822 0.465708 0.125000 0.028761
5 0.105932 0.469027 0.101695 0.024336
5 0.215042 0.507743 0.023305 0.024336
5 0.347458 0.505531 0.131356 0.030973
4 0.885593 0.497235 0.144068 0.029867
3 0.272246 0.544248 0.137712 0.026549
3 0.367585 0.542035 0.052966 0.024336
5 0.105932 0.545907 0.093220 0.023230
5 0.218220 0.581858 0.029661 0.030973
5 0.347458 0.582412 0.131356 0.029867
4 0.889831 0.571903 0.144068 0.028761
3 0.268008 0.623341 0.133475 0.027655
3 0.369703 0.617810 0.074153 0.021018
5 0.219280 0.659292 0.027542 0.026549
5 0.347458 0.659845 0.131356 0.027655
4 0.897246 0.650442 0.133475 0.026549
3 0.240466 0.698009 0.082627 0.024336
3 0.317797 0.697456 0.072034 0.021018
5 0.218220 0.736726 0.029661 0.024336
5 0.349576 0.735066 0.135593 0.032080
4 0.894068 0.722898 0.135593 0.032080
3 0.240466 0.775442 0.082627 0.024336
3 0.344280 0.772677 0.120763 0.025442
3 0.442797 0.772124 0.076271 0.024336
5 0.218220 0.814712 0.029661 0.021018
5 0.347458 0.811947 0.139831 0.030973
4 0.893008 0.801438 0.137712 0.025442
5 0.100636 0.864491 0.091102 0.023230
5 0.208686 0.861726 0.116525 0.028761
5 0.880297 0.851217 0.154661 0.027655
5 0.146186 0.901549 0.169492 0.024336
5 0.889831 0.887721 0.127119 0.027655
5 0.105932 0.938606 0.080508 0.027655
5 0.882415 0.926438 0.133475 0.027655
2 0.867585 0.966814 0.146186 0.022124
