5 0.160542 0.538289 0.027718 0.025487
3 0.265462 0.538383 0.149586 0.029213
3 0.410199 0.536086 0.122851 0.029470
4 0.724085 0.538074 0.149645 0.031501
5 0.281454 0.607232 0.193847 0.032063
5 0.727359 0.607918 0.153088 0.033829
2 0.225526 0.643191 0.081915 0.028414
2 0.729827 0.643421 0.153088 0.033829
5 0.236453 0.678794 0.105659 0.030982
5 0.728882 0.680029 0.156531 0.036157
5 0.257265 0.724813 0.156944 0.052173
5 0.768275 0.727412 0.082505 0.051294
5 0.093951 0.856201 0.129589 0.033966
5 0.213237 0.857037 0.081974 0.030702
5 0.577001 0.860186 0.024394 0.027735
5 0.649778 0.859901 0.088741 0.030782
5 0.358760 0.857610 0.027777 0.027775
5 0.445071 0.857485 0.105659 0.030982
