5 0.100216 0.630294 0.028916 0.035793
3 0.287567 0.630069 0.202025 0.037959
3 0.470816 0.628213 0.158461 0.038877
4 0.881455 0.630827 0.133152 0.046239
5 0.940019 0.662366 0.032267 0.035944
5 0.099520 0.669278 0.025390 0.032760
5 0.198466 0.672292 0.021160 0.018199
5 0.281932 0.667384 0.141705 0.036962
5 0.889594 0.731620 0.135091 0.039261
2 0.892338 0.768593 0.133700 0.043180
2 0.141877 0.773780 0.116045 0.039720
5 0.166736 0.737729 0.175480 0.040424
5 0.264887 0.740310 0.022038 0.032609
5 0.181178 0.810973 0.193040 0.044786
5 0.354463 0.807514 0.142773 0.041941
5 0.772682 0.816662 0.173190 0.045170
5 0.909766 0.813450 0.113506 0.042645
