3 0.096048 0.454978 0.069806 0.028734
3 0.167920 0.455128 0.049294 0.028260
5 0.151315 0.488728 0.024144 0.026172
5 0.182083 0.489439 0.026423 0.026224
5 0.311542 0.490165 0.100068 0.027989
4 0.527117 0.491749 0.100733 0.028743
3 0.126693 0.522897 0.133701 0.031717
3 0.227053 0.523706 0.056211 0.029926
3 0.317158 0.524278 0.113189 0.031243
3 0.418658 0.525114 0.069886 0.030242
5 0.148833 0.557391 0.021945 0.027627
5 0.179641 0.557348 0.024144 0.026172
5 0.348454 0.558229 0.024144 0.026172
4 0.565169 0.559463 0.024224 0.027680
5 0.153188 0.626213 0.133701 0.031717
5 0.479239 0.663579 0.102307 0.030142
5 0.471363 0.629036 0.021865 0.026119
5 0.519304 0.628634 0.053932 0.029873
5 0.151257 0.695644 0.132601 0.028726
5 0.525820 0.699771 0.037978 0.029505
5 0.144318 0.729467 0.117667 0.029840
5 0.517192 0.733555 0.024224 0.027680
2 0.120185 0.797631 0.072165 0.030295
2 0.477535 0.804393 0.104666 0.032378
5 0.274473 0.835935 0.101793 0.030980
5 0.477313 0.873473 0.100813 0.030252
5 0.129916 0.937563 0.101714 0.029471
5 0.476540 0.941799 0.101793 0.030980
