3 0.214562 0.552630 0.187759 0.031475
3 0.377773 0.556337 0.115400 0.027986
5 0.358701 0.588197 0.115611 0.029522
5 0.498313 0.591043 0.042334 0.022384
4 0.744710 0.597034 0.114651 0.026576
3 0.227682 0.621214 0.228745 0.029976
3 0.383440 0.623900 0.062883 0.029688
3 0.471706 0.623003 0.093198 0.025794
5 0.398862 0.654773 0.025397 0.024744
5 0.493479 0.655230 0.042559 0.025370
4 0.785350 0.664377 0.025397 0.024744
5 0.156554 0.723023 0.098182 0.027866
5 0.266837 0.722555 0.094158 0.028740
5 0.499202 0.722047 0.025285 0.023251
2 0.699411 0.791466 0.113354 0.027951
2 0.159511 0.790862 0.116473 0.029518
5 0.140780 0.825374 0.084181 0.027667
5 0.755773 0.857136 0.128483 0.029992
5 0.182877 0.859464 0.173773 0.031216
5 0.762361 0.891055 0.116572 0.035376
5 0.162852 0.898022 0.136507 0.026651
