3 0.335410 0.541570 0.147177 0.020034
3 0.440360 0.540332 0.050127 0.018890
5 0.559483 0.563339 0.034328 0.018703
4 0.759187 0.559458 0.095345 0.022473
5 0.447722 0.563132 0.090752 0.019369
3 0.345679 0.589511 0.183329 0.021986
3 0.470388 0.588421 0.052586 0.023070
3 0.540909 0.587208 0.077250 0.020734
5 0.563000 0.612123 0.034328 0.018703
4 0.798915 0.611629 0.023082 0.020095
5 0.483986 0.612292 0.020825 0.020069
5 0.285601 0.667272 0.081803 0.022313
5 0.377029 0.666956 0.079507 0.020761
5 0.573387 0.664640 0.020825 0.020069
2 0.290444 0.723669 0.097602 0.022499
2 0.747505 0.719040 0.095385 0.023998
5 0.273137 0.752863 0.070518 0.022180
5 0.308869 0.781431 0.147256 0.023085
5 0.808753 0.774009 0.097602 0.022499
5 0.294422 0.812118 0.118019 0.026111
5 0.808275 0.799190 0.095306 0.020947
