5 0.121608 0.429076 0.023925 0.021945
3 0.204396 0.427036 0.100951 0.021672
3 0.320036 0.427446 0.093548 0.029767
3 0.409092 0.426719 0.080845 0.026046
3 0.483771 0.425648 0.050929 0.023073
4 0.874932 0.424702 0.132279 0.035522
5 0.123327 0.449464 0.029738 0.022899
3 0.185042 0.450771 0.072390 0.030499
3 0.299685 0.450282 0.139716 0.028334
3 0.414345 0.450247 0.064516 0.025904
4 0.916414 0.452018 0.043358 0.026636
5 0.124151 0.471673 0.029839 0.025619
3 0.200248 0.471048 0.127955 0.022800
3 0.331720 0.471801 0.115522 0.024486
4 0.865105 0.471481 0.124069 0.021862
5 0.122948 0.491178 0.025952 0.024681
3 0.187283 0.496095 0.065534 0.022140
3 0.252594 0.494452 0.048196 0.022662
3 0.318688 0.495011 0.047211 0.026668
3 0.389918 0.493066 0.074283 0.029609
3 0.466048 0.493347 0.083848 0.027875
4 0.912148 0.492857 0.031530 0.019289
5 0.234607 0.540132 0.160739 0.023975
5 0.856118 0.540922 0.139649 0.026521
5 0.169914 0.562426 0.049070 0.024871
5 0.233589 0.564623 0.025885 0.022868
5 0.868383 0.559863 0.124304 0.028207
2 0.251225 0.598482 0.194128 0.041467
2 0.791521 0.591777 0.277136 0.046680
5 0.091242 0.597529 0.047883 0.044797
5 0.202034 0.675053 0.108825 0.026268
5 0.863850 0.671431 0.141373 0.021098
5 0.225445 0.734707 0.159048 0.030305
5 0.881448 0.730226 0.110684 0.024470
