5 0.178710 0.620237 0.037759 0.021206
5 0.229196 0.621439 0.051528 0.021533
3 0.334918 0.620823 0.092834 0.022517
3 0.417651 0.620443 0.060787 0.023316
4 0.679067 0.619227 0.149309 0.025466
5 0.242910 0.645253 0.081520 0.025371
5 0.219827 0.669758 0.037919 0.024334
5 0.297971 0.669269 0.106683 0.024408
5 0.221279 0.719511 0.140169 0.025684
5 0.686193 0.716495 0.155140 0.025302
2 0.196619 0.797610 0.096597 0.024321
2 0.691972 0.793349 0.158677 0.025193
5 0.209377 0.850359 0.132152 0.025066
5 0.314712 0.847006 0.068830 0.025813
5 0.380788 0.846621 0.051768 0.026225
5 0.459586 0.844582 0.089713 0.024485
5 0.696252 0.844342 0.158677 0.025193
5 0.168416 0.877582 0.055141 0.025359
5 0.251210 0.876029 0.096488 0.028286
5 0.727037 0.870913 0.101077 0.026613
