5 0.210597 0.310721 0.036257 0.021962
5 0.463187 0.310307 0.092482 0.022654
3 0.238743 0.333834 0.099117 0.022762
3 0.344423 0.334323 0.094681 0.022656
4 0.621386 0.325423 0.098887 0.031655
5 0.210817 0.358291 0.036334 0.023471
5 0.466156 0.357461 0.093428 0.023332
3 0.239531 0.381769 0.100101 0.024998
3 0.347430 0.382205 0.095704 0.024893
4 0.624431 0.374449 0.097787 0.028638
5 0.210014 0.407397 0.038456 0.022015
5 0.467475 0.405005 0.095704 0.024893
3 0.225574 0.431945 0.071516 0.024313
4 0.627457 0.423450 0.096726 0.028585
5 0.210311 0.456477 0.038533 0.023523
5 0.462236 0.453462 0.080311 0.024524
3 0.241301 0.481410 0.102300 0.025051
3 0.341388 0.479768 0.082434 0.023068
4 0.631641 0.472814 0.095780 0.026401
5 0.210723 0.507819 0.038533 0.023523
5 0.471290 0.501576 0.095627 0.023384
3 0.281254 0.531050 0.177139 0.028351
4 0.636412 0.523297 0.095704 0.024893
5 0.213295 0.558354 0.034058 0.021909
5 0.473824 0.551357 0.097903 0.024946
3 0.227678 0.581420 0.069317 0.024261
4 0.641145 0.573025 0.095857 0.027910
5 0.211393 0.607486 0.034135 0.023418
5 0.445612 0.602630 0.036257 0.021962
3 0.246819 0.633069 0.117769 0.026928
3 0.374354 0.630013 0.113371 0.026823
3 0.481000 0.627458 0.082587 0.026085
4 0.681136 0.623419 0.020942 0.023102
5 0.255897 0.660037 0.135360 0.027350
5 0.639640 0.651599 0.115647 0.028384
5 0.206705 0.688402 0.038610 0.025032
5 0.248446 0.686647 0.020942 0.023102
5 0.296859 0.686242 0.051803 0.025348
5 0.642122 0.678726 0.113448 0.028331
5 0.238872 0.714818 0.104576 0.026612
5 0.651200 0.705695 0.100255 0.028015
5 0.254508 0.740875 0.137636 0.028911
5 0.645474 0.733774 0.114701 0.026902
5 0.440406 0.792681 0.180437 0.032148
2 0.268703 0.825114 0.161824 0.029490
2 0.653423 0.817404 0.117755 0.028489
5 0.251472 0.854224 0.133238 0.028805
5 0.655005 0.845312 0.117923 0.029945
