3 0.128323 0.675210 0.066533 0.028201
3 0.185915 0.675321 0.021846 0.026170
4 0.855756 0.673071 0.125361 0.031918
3 0.140439 0.710548 0.082742 0.028852
3 0.219776 0.710793 0.045385 0.027962
3 0.287921 0.710021 0.064183 0.028175
4 0.860245 0.708876 0.122970 0.030366
3 0.156140 0.748133 0.122929 0.028840
3 0.253658 0.747028 0.045385 0.027962
3 0.361790 0.747329 0.144077 0.029080
3 0.478147 0.747536 0.066533 0.028201
4 0.887057 0.744429 0.066533 0.028201
5 0.176310 0.820379 0.160327 0.027184
5 0.865568 0.819436 0.123011 0.031891
5 0.123826 0.857593 0.066574 0.029727
5 0.223713 0.857224 0.097081 0.028547
5 0.871273 0.856753 0.104171 0.030153
2 0.137605 0.932963 0.085332 0.028414
2 0.235194 0.934534 0.095830 0.036425
2 0.341483 0.931797 0.103931 0.027060
2 0.869758 0.931533 0.125320 0.030392
