3 0.155093 0.631173 0.087963 0.027778
3 0.261574 0.629630 0.106481 0.027778
5 0.502315 0.627315 0.023148 0.026235
5 0.585648 0.626543 0.120370 0.027778
4 0.789352 0.626543 0.120370 0.027778
5 0.160880 0.669753 0.104167 0.027778
5 0.797454 0.663580 0.122685 0.027778
5 0.137731 0.745370 0.067130 0.027778
5 0.234954 0.745370 0.106481 0.027778
5 0.313657 0.743827 0.030093 0.027778
5 0.811343 0.739198 0.106481 0.027778
2 0.150463 0.783951 0.108796 0.027778
2 0.268519 0.783951 0.104167 0.027778
2 0.800347 0.776620 0.126157 0.031636
5 0.152778 0.823302 0.106481 0.029321
5 0.807292 0.814429 0.126157 0.030093
5 0.167245 0.861111 0.146991 0.030864
5 0.813079 0.851852 0.105324 0.030864
