5 0.163194 0.504808 0.020833 0.024038
3 0.246528 0.501202 0.118056 0.026442
3 0.355035 0.499399 0.085069 0.030048
3 0.460069 0.498798 0.114583 0.026442
4 0.775174 0.496394 0.123264 0.033654
5 0.166667 0.530048 0.020833 0.021635
3 0.229167 0.527644 0.083333 0.026442
3 0.321181 0.526442 0.079861 0.024038
3 0.444444 0.524038 0.152778 0.024038
4 0.779514 0.521635 0.121528 0.028846
5 0.267361 0.576923 0.152778 0.028846
5 0.772569 0.569712 0.135417 0.028846
5 0.229167 0.603365 0.083333 0.028846
5 0.348958 0.602163 0.135417 0.026442
5 0.788194 0.593750 0.104167 0.028846
5 0.223958 0.631010 0.065972 0.026442
5 0.295139 0.627404 0.062500 0.028846
5 0.784722 0.620192 0.118056 0.028846
2 0.283854 0.679688 0.192708 0.039663
2 0.715278 0.669471 0.250000 0.031250
5 0.220486 0.736779 0.065972 0.026442
5 0.320312 0.731971 0.119792 0.036058
5 0.776910 0.717548 0.140625 0.033654
