5 0.101321 0.534773 0.020892 0.026174
3 0.259651 0.530411 0.170339 0.034026
3 0.436561 0.527593 0.163061 0.030663
3 0.578760 0.525606 0.108865 0.027350
4 0.837751 0.522590 0.139376 0.030347
5 0.095625 0.561903 0.024217 0.023629
3 0.265842 0.555757 0.197437 0.032369
3 0.454639 0.551154 0.166445 0.030709
4 0.843898 0.549878 0.146203 0.033028
5 0.086605 0.586398 0.027659 0.026264
3 0.214453 0.582924 0.102609 0.032340
3 0.357528 0.579654 0.169888 0.033344
4 0.849185 0.577155 0.146507 0.034342
5 0.080851 0.616118 0.031102 0.028900
3 0.185830 0.613634 0.051462 0.031762
3 0.262020 0.612061 0.081915 0.032168
3 0.388132 0.609860 0.153274 0.034252
4 0.856074 0.609635 0.146321 0.038208
5 0.856290 0.674415 0.176773 0.038615
5 0.136182 0.675157 0.166867 0.036661
5 0.228429 0.675094 0.031102 0.028900
5 0.094010 0.706981 0.088741 0.034849
5 0.193825 0.708315 0.098892 0.034985
5 0.869931 0.706985 0.153185 0.039432
5 0.111822 0.742199 0.139435 0.032937
5 0.287026 0.740653 0.202061 0.041499
5 0.863183 0.743170 0.180216 0.041250
5 0.137292 0.776223 0.202120 0.044089
5 0.925100 0.773795 0.048079 0.031716
2 0.095031 0.810638 0.129344 0.035392
2 0.870048 0.813221 0.176832 0.041205
5 0.077286 0.846676 0.088741 0.034849
5 0.194049 0.846940 0.119252 0.037846
5 0.872634 0.848235 0.176891 0.043796
