5 0.223958 0.429024 0.027778 0.031686
3 0.324653 0.425856 0.142361 0.032953
3 0.489583 0.427123 0.159722 0.032953
4 0.748264 0.425222 0.152778 0.029151
5 0.222222 0.456274 0.017361 0.027883
3 0.288194 0.456274 0.062500 0.030418
3 0.378472 0.453739 0.083333 0.030418
3 0.503472 0.453105 0.138889 0.034221
4 0.760417 0.451204 0.138889 0.030418
5 0.246528 0.510773 0.083333 0.027883
5 0.376736 0.508238 0.135417 0.027883
5 0.748264 0.506971 0.163194 0.030418
5 0.222222 0.538657 0.034722 0.027883
5 0.325521 0.536122 0.140625 0.032953
5 0.454861 0.536122 0.083333 0.032953
5 0.760417 0.534854 0.138889 0.030418
2 0.328125 0.577947 0.135417 0.045627
2 0.746528 0.575412 0.159722 0.050697
5 0.223958 0.579214 0.038194 0.048162
5 0.263889 0.661597 0.118056 0.050697
5 0.748264 0.657795 0.163194 0.053232
