3 0.264151 0.372434 0.314465 0.029326
5 0.125786 0.410557 0.020964 0.023460
5 0.295597 0.407625 0.117400 0.029326
4 0.786164 0.401760 0.117400 0.029326
5 0.285115 0.439883 0.356394 0.029326
5 0.129979 0.479472 0.020964 0.020528
5 0.259958 0.478006 0.029350 0.023460
5 0.832285 0.469208 0.025157 0.023460
5 0.192872 0.508798 0.155136 0.026393
5 0.138365 0.546921 0.020964 0.020528
5 0.297694 0.542522 0.096436 0.029326
5 0.796646 0.533724 0.096436 0.029326
3 0.275681 0.571848 0.308176 0.032258
5 0.144654 0.611437 0.025157 0.020528
5 0.310273 0.605572 0.113208 0.026393
4 0.778826 0.593842 0.115304 0.032258
5 0.298742 0.635630 0.345912 0.036657
5 0.142558 0.675953 0.020964 0.020528
5 0.270440 0.671554 0.025157 0.023460
5 0.825996 0.659824 0.029350 0.023460
5 0.252621 0.701613 0.262055 0.036657
5 0.140461 0.741935 0.025157 0.023460
5 0.301887 0.736070 0.096436 0.029326
5 0.798742 0.724340 0.092243 0.029326
5 0.794549 0.774194 0.109015 0.029326
5 0.187631 0.791056 0.207547 0.036657
2 0.800839 0.847507 0.113208 0.029326
2 0.212788 0.867302 0.266247 0.039589
5 0.805031 0.900293 0.113208 0.029326
5 0.221174 0.923021 0.283019 0.042522
