5 0.271093 0.633367 0.199952 0.046818
3 0.426918 0.634475 0.085599 0.047225
3 0.602860 0.630852 0.248249 0.047993
3 0.767607 0.630468 0.061223 0.046287
3 0.836417 0.629448 0.061146 0.043843
3 0.897433 0.629351 0.041202 0.043075
3 0.182686 0.675223 0.030123 0.042649
5 0.378352 0.722962 0.104265 0.052621
5 0.573110 0.720284 0.194166 0.052578
4 0.828092 0.718401 0.184824 0.059020
2 0.534270 0.800076 0.121902 0.041861
2 0.827773 0.796089 0.192158 0.054986
5 0.534500 0.845323 0.118761 0.046019
5 0.828120 0.837547 0.183755 0.050177
5 0.513016 0.875710 0.153146 0.041361
5 0.879092 0.875739 0.084076 0.048199
