3 0.093521 0.535331 0.072337 0.050099
3 0.253257 0.533753 0.230503 0.059668
3 0.432279 0.534340 0.099243 0.056300
5 0.097724 0.588870 0.076088 0.051622
5 0.491018 0.587816 0.146099 0.054650
4 0.868471 0.591107 0.158979 0.055211
5 0.182562 0.690851 0.231805 0.053587
5 0.867926 0.694402 0.155594 0.052438
5 0.152411 0.748367 0.151843 0.057703
5 0.922913 0.743438 0.039920 0.032058
2 0.151047 0.796595 0.156619 0.052158
2 0.867013 0.789705 0.149360 0.054743
5 0.155700 0.897164 0.149605 0.054837
5 0.861308 0.878264 0.150663 0.049478
