5 0.125800 0.416473 0.051173 0.020882
5 0.432836 0.417633 0.119403 0.023202
3 0.151386 0.440835 0.102345 0.023202
3 0.287846 0.439675 0.153518 0.025522
4 0.633262 0.439675 0.119403 0.025522
5 0.140725 0.462877 0.089552 0.020882
5 0.232409 0.462877 0.085288 0.020882
5 0.616205 0.462877 0.162047 0.020882
5 0.153518 0.484919 0.123667 0.023202
5 0.635394 0.486079 0.123667 0.025522
5 0.115139 0.508121 0.046908 0.023202
5 0.422175 0.508121 0.106610 0.023202
3 0.149254 0.531323 0.123667 0.023202
4 0.639659 0.532483 0.123667 0.025522
5 0.127932 0.556845 0.089552 0.023202
5 0.223881 0.556845 0.085288 0.023202
5 0.622601 0.556845 0.166311 0.023202
5 0.144989 0.581206 0.123667 0.025522
5 0.641791 0.583527 0.127932 0.025522
3 0.123667 0.606729 0.089552 0.025522
3 0.260128 0.606729 0.089552 0.025522
4 0.654584 0.609049 0.110874 0.025522
5 0.123667 0.632251 0.089552 0.025522
5 0.221748 0.632251 0.089552 0.025522
5 0.626866 0.634571 0.166311 0.025522
5 0.142857 0.657773 0.127932 0.025522
5 0.646055 0.660093 0.127932 0.025522
3 0.119403 0.685615 0.089552 0.025522
3 0.228145 0.684455 0.110874 0.023202
4 0.697228 0.687935 0.025586 0.020882
3 0.151386 0.709977 0.144989 0.023202
3 0.296375 0.709977 0.127932 0.023202
4 0.697228 0.713457 0.025586 0.020882
5 0.162047 0.734339 0.166311 0.025522
5 0.646055 0.737819 0.127932 0.027842
2 0.176972 0.762181 0.196162 0.025522
2 0.648188 0.765661 0.132196 0.027842
5 0.153518 0.788863 0.166311 0.027842
5 0.639659 0.793503 0.149254 0.027842
5 0.191898 0.816705 0.243070 0.027842
5 0.648188 0.821346 0.132196 0.027842
