3 0.210719 0.495024 0.126516 0.022780
3 0.369080 0.496403 0.145147 0.022943
3 0.473945 0.495379 0.021871 0.004062
3 0.530709 0.493162 0.064414 0.022240
3 0.613716 0.495434 0.062915 0.023775
3 0.166204 0.524463 0.048969 0.024428
5 0.264096 0.522991 0.023966 0.019565
4 0.729223 0.523167 0.124991 0.023541
3 0.167706 0.548104 0.050441 0.022118
3 0.252334 0.548454 0.089282 0.023230
3 0.359515 0.547838 0.079858 0.020051
5 0.473723 0.546121 0.022440 0.020326
4 0.727607 0.547169 0.123384 0.021979
2 0.202389 0.599925 0.104807 0.023366
2 0.722740 0.597483 0.126489 0.022006
5 0.218428 0.651970 0.159147 0.023839
5 0.721714 0.648993 0.128123 0.024343
5 0.223401 0.675245 0.144415 0.020606
5 0.772109 0.673447 0.025546 0.020353
