5 0.100694 0.570988 0.025463 0.027778
3 0.236690 0.571373 0.105324 0.030093
3 0.381944 0.572531 0.166667 0.027778
4 0.837384 0.581790 0.137731 0.037037
5 0.098380 0.600309 0.025463 0.027778
5 0.276620 0.601466 0.196759 0.042438
5 0.898148 0.608796 0.027778 0.026235
5 0.166667 0.661265 0.178241 0.029321
5 0.267361 0.660494 0.025463 0.027778
5 0.852431 0.664352 0.137731 0.038580
2 0.136574 0.690586 0.115741 0.029321
2 0.858218 0.694444 0.140046 0.040123
5 0.119792 0.726466 0.096065 0.040895
5 0.232639 0.723765 0.113426 0.030864
5 0.373264 0.722994 0.146991 0.037037
5 0.732639 0.729552 0.187500 0.039352
5 0.873264 0.732639 0.107639 0.034722
