3 0.141378 0.383501 0.052125 0.047415
3 0.227076 0.385106 0.087917 0.043531
5 0.384612 0.388866 0.141396 0.049410
5 0.208376 0.431448 0.015529 0.040002
5 0.381877 0.437112 0.107495 0.047988
4 0.723712 0.441536 0.107993 0.052175
2 0.152531 0.521084 0.094473 0.045224
2 0.271128 0.523589 0.125747 0.043524
2 0.724397 0.534755 0.108842 0.048119
5 0.179398 0.568941 0.145908 0.050428
5 0.764498 0.579758 0.020601 0.036240
5 0.141953 0.613091 0.077653 0.046685
5 0.727472 0.626595 0.107426 0.053425
5 0.139028 0.663568 0.078893 0.049690
5 0.250789 0.665134 0.131516 0.053540
5 0.725366 0.672320 0.114073 0.054206
