5 0.313105 0.364725 0.083178 0.024959
5 0.657327 0.370751 0.171286 0.025826
3 0.266821 0.390120 0.236778 0.028497
3 0.449725 0.394326 0.085611 0.023514
4 0.724598 0.399280 0.199005 0.026767
5 0.311565 0.417419 0.079581 0.024276
5 0.640701 0.425655 0.135103 0.025486
3 0.193385 0.443234 0.090008 0.024162
3 0.286478 0.445268 0.044625 0.021499
3 0.332043 0.445497 0.034360 0.019130
4 0.737531 0.453794 0.166419 0.026451
5 0.309144 0.472487 0.081993 0.022944
5 0.637677 0.478703 0.138679 0.025510
3 0.206131 0.497349 0.116458 0.023932
4 0.730899 0.507484 0.165192 0.025096
5 0.273247 0.550040 0.089903 0.025630
5 0.713364 0.557340 0.195997 0.024718
5 0.265919 0.572465 0.088613 0.022273
5 0.727058 0.583350 0.172001 0.025120
2 0.247091 0.596468 0.064533 0.023417
2 0.614639 0.606087 0.400148 0.044181
5 0.273957 0.624245 0.127271 0.026689
5 0.713355 0.635933 0.203360 0.027462
5 0.237504 0.652430 0.065866 0.024138
5 0.730562 0.664630 0.179280 0.025155
