3 0.435434 0.552243 0.621107 0.047242
5 0.140727 0.602244 0.021219 0.026061
5 0.334988 0.596661 0.126450 0.031383
4 0.871365 0.577864 0.117869 0.031070
5 0.881452 0.633211 0.118773 0.034760
5 0.134329 0.660062 0.085465 0.026914
5 0.243287 0.656840 0.127579 0.028517
2 0.236093 0.733381 0.269393 0.030693
2 0.891306 0.713994 0.120127 0.032640
5 0.233508 0.784330 0.247884 0.025436
5 0.892953 0.771518 0.120975 0.034092
5 0.201511 0.830741 0.160676 0.023055
5 0.326275 0.830682 0.082303 0.023146
5 0.934910 0.821591 0.027430 0.023312
