3 0.215557 0.542737 0.077182 0.017215
3 0.306615 0.543028 0.089187 0.017066
5 0.696857 0.540772 0.022167 0.015552
4 0.823966 0.541101 0.107279 0.019716
3 0.229099 0.563131 0.103088 0.018578
3 0.333520 0.562052 0.091075 0.018454
3 0.444903 0.561995 0.120710 0.020949
5 0.697442 0.560616 0.022159 0.015278
4 0.824538 0.560534 0.107247 0.018621
3 0.221793 0.581825 0.091075 0.018454
5 0.698011 0.579912 0.022200 0.016647
4 0.827182 0.579672 0.106817 0.019711
3 0.245917 0.600604 0.138260 0.018129
3 0.390794 0.600064 0.140513 0.018965
5 0.698575 0.599072 0.022232 0.017742
4 0.827787 0.600200 0.106849 0.020806
3 0.222022 0.620974 0.085499 0.017301
3 0.315601 0.620554 0.086917 0.018411
5 0.699180 0.619599 0.022200 0.016647
4 0.828352 0.619359 0.106817 0.019711
5 0.433258 0.700105 0.077214 0.018310
5 0.528932 0.700211 0.103088 0.018578
5 0.800017 0.700830 0.128573 0.021304
5 0.411336 0.724699 0.201824 0.021465
5 0.551138 0.724486 0.067584 0.020673
5 0.809522 0.725373 0.111016 0.021122
2 0.438528 0.776986 0.111024 0.019112
2 0.553854 0.777438 0.105785 0.019179
2 0.768467 0.798763 0.197990 0.026430
5 0.387846 0.798044 0.114672 0.019792
5 0.527916 0.798923 0.155158 0.022778
5 0.679833 0.904127 0.116532 0.025412
5 0.744968 0.903046 0.022264 0.018837
