5 0.073700 0.573963 0.020346 0.030849
3 0.211009 0.572295 0.119980 0.038550
3 0.308762 0.572215 0.051092 0.037057
3 0.381606 0.572358 0.064168 0.045536
4 0.873838 0.568924 0.128308 0.035615
5 0.076069 0.618160 0.023164 0.033906
3 0.177795 0.616287 0.051962 0.037101
3 0.261930 0.617655 0.091730 0.042413
3 0.373829 0.616023 0.093672 0.035915
3 0.502199 0.616104 0.138525 0.038545
4 0.875780 0.609775 0.134381 0.035682
5 0.101969 0.702886 0.073527 0.035672
5 0.210431 0.703011 0.121033 0.037760
5 0.878363 0.695083 0.139343 0.037774
5 0.144635 0.746932 0.160836 0.038598
5 0.307232 0.748107 0.139566 0.044008
5 0.935002 0.736597 0.028456 0.033525
5 0.101322 0.788117 0.072290 0.039487
5 0.934843 0.780558 0.024111 0.030374
2 0.555244 0.891237 0.125218 0.071793
2 0.881945 0.880750 0.143563 0.072035
