5 0.179662 0.354848 0.019171 0.021955
3 0.276465 0.357993 0.145194 0.030839
3 0.412180 0.361598 0.098773 0.026326
4 0.796186 0.367274 0.112337 0.027630
5 0.178924 0.383448 0.019171 0.021955
3 0.238507 0.386154 0.065680 0.028737
3 0.375023 0.391484 0.178317 0.028408
4 0.797066 0.398754 0.112337 0.027630
5 0.178141 0.413764 0.025967 0.023179
3 0.277452 0.418083 0.143503 0.030819
4 0.795831 0.430030 0.115238 0.026894
5 0.177373 0.443507 0.025967 0.023179
3 0.268233 0.447441 0.126599 0.028903
3 0.406886 0.451652 0.121554 0.028292
4 0.798870 0.459998 0.115691 0.026526
5 0.177451 0.473261 0.017509 0.023079
3 0.298763 0.477554 0.187533 0.031930
3 0.436993 0.482046 0.063246 0.025907
3 0.524091 0.484218 0.081856 0.026126
4 0.804899 0.488677 0.112308 0.026486
5 0.177500 0.504159 0.019200 0.023099
3 0.259930 0.506562 0.108049 0.029276
3 0.380426 0.509987 0.103849 0.026386
4 0.809221 0.517909 0.115721 0.027670
2 0.309596 0.582389 0.211868 0.053946
2 0.745150 0.590390 0.269581 0.053521
5 0.250604 0.622316 0.090344 0.027370
5 0.817842 0.626437 0.140689 0.028688
5 0.249762 0.654920 0.090344 0.027370
5 0.824658 0.657414 0.142321 0.030956
5 0.331909 0.701372 0.261848 0.053572
5 0.781160 0.703819 0.249931 0.057154
