3 0.214625 0.330743 0.086273 0.026590
3 0.353050 0.333229 0.109586 0.027962
3 0.488504 0.332591 0.122621 0.022980
3 0.620064 0.331113 0.109621 0.024864
5 0.225125 0.355799 0.103385 0.024785
5 0.436168 0.356748 0.017974 0.016436
4 0.556455 0.356879 0.098330 0.023103
3 0.279969 0.386592 0.218216 0.028523
3 0.497524 0.389997 0.180784 0.026043
5 0.227137 0.411877 0.104399 0.022501
5 0.436189 0.411024 0.017501 0.016798
4 0.553871 0.411656 0.098259 0.023103
3 0.209958 0.439995 0.066932 0.026872
3 0.316944 0.442318 0.110480 0.027455
3 0.438356 0.440634 0.101442 0.026227
5 0.230712 0.464910 0.104341 0.023262
5 0.438308 0.463495 0.015947 0.016383
4 0.553927 0.465003 0.091164 0.022917
3 0.220716 0.495143 0.087252 0.024306
3 0.349058 0.494686 0.126958 0.028414
3 0.461813 0.492689 0.061735 0.021385
3 0.545469 0.494121 0.077080 0.024828
5 0.233267 0.519084 0.104553 0.024838
5 0.437404 0.515674 0.019023 0.017224
4 0.561674 0.516646 0.105319 0.022528
3 0.267951 0.547035 0.168644 0.027609
3 0.452783 0.545036 0.160027 0.028583
3 0.584095 0.546195 0.077988 0.024801
3 0.682813 0.552211 0.087322 0.027377
5 0.235745 0.576290 0.100769 0.025584
5 0.439051 0.567538 0.016996 0.017171
4 0.555224 0.569453 0.089124 0.022890
5 0.255860 0.646533 0.135537 0.030142
5 0.563719 0.636359 0.108289 0.024103
5 0.247850 0.676426 0.118248 0.029726
5 0.557936 0.662486 0.093121 0.021448
5 0.216728 0.710451 0.048771 0.024357
5 0.557240 0.688379 0.092107 0.021421
5 0.252943 0.760352 0.120545 0.038993
5 0.519517 0.736162 0.016996 0.017932
2 0.237284 0.792763 0.088075 0.033595
2 0.332432 0.776272 0.081923 0.033887
2 0.566547 0.761768 0.109550 0.027935
