5 0.082637 0.442789 0.020427 0.027082
3 0.250232 0.443466 0.082637 0.028436
3 0.346332 0.446175 0.081708 0.028436
4 0.831941 0.440081 0.089136 0.032498
5 0.081708 0.478673 0.014856 0.028436
3 0.259053 0.478673 0.098422 0.027082
3 0.368152 0.480027 0.080780 0.028436
3 0.452646 0.480366 0.058496 0.029113
4 0.820799 0.475288 0.111421 0.032498
5 0.208449 0.513541 0.121634 0.029113
5 0.820334 0.511848 0.108635 0.031144
5 0.176880 0.547393 0.056639 0.029113
5 0.259981 0.547732 0.059424 0.031144
5 0.826834 0.546716 0.088208 0.031821
2 0.245125 0.631347 0.193129 0.050779
2 0.761838 0.633717 0.221913 0.062288
5 0.207521 0.688896 0.110492 0.052133
5 0.363045 0.687542 0.120706 0.053487
5 0.550604 0.687204 0.194986 0.052810
5 0.766017 0.747461 0.222841 0.063643
