3 0.154407 0.617323 0.068321 0.025967
3 0.220358 0.615401 0.058111 0.023559
3 0.266036 0.614861 0.020656 0.013968
3 0.308301 0.613218 0.058171 0.025847
5 0.384432 0.612320 0.020833 0.020831
4 0.776809 0.603111 0.102157 0.026366
3 0.161824 0.642411 0.088623 0.026206
3 0.234542 0.640409 0.058111 0.023559
3 0.322485 0.638226 0.058171 0.025847
5 0.398616 0.637328 0.020833 0.020831
4 0.779150 0.628259 0.105541 0.026406
3 0.152323 0.667699 0.068321 0.025967
3 0.241958 0.665497 0.098833 0.028614
3 0.353587 0.663035 0.058171 0.025847
5 0.428026 0.662156 0.024217 0.020871
4 0.783183 0.653387 0.105541 0.026406
2 0.158757 0.720263 0.085239 0.026166
2 0.787955 0.707114 0.105600 0.028694
5 0.158423 0.772906 0.088623 0.026206
5 0.794389 0.759678 0.108983 0.028734
5 0.169283 0.800242 0.115691 0.026526
5 0.837422 0.787779 0.024335 0.025447
