5 0.242703 0.295650 0.014341 0.018884
3 0.284528 0.295303 0.051623 0.025013
3 0.347277 0.294315 0.056268 0.025078
3 0.426243 0.295424 0.093428 0.025600
3 0.526152 0.294958 0.093428 0.025600
4 0.644642 0.294752 0.079493 0.025404
5 0.242176 0.319945 0.014341 0.018884
3 0.290969 0.319696 0.070203 0.025274
3 0.379266 0.319067 0.093428 0.025600
3 0.469864 0.319404 0.079452 0.023536
4 0.646437 0.319080 0.079493 0.025404
2 0.319946 0.376186 0.130832 0.037335
2 0.607460 0.375551 0.156081 0.038979
5 0.280996 0.404616 0.058550 0.023242
5 0.642311 0.402213 0.093388 0.023731
5 0.328529 0.435662 0.156021 0.038011
5 0.610818 0.434953 0.160666 0.043585
