5 0.138889 0.583537 0.023148 0.029340
3 0.325231 0.584352 0.219907 0.030970
3 0.509838 0.588835 0.135417 0.039935
3 0.635417 0.585982 0.108796 0.030970
4 0.850694 0.588427 0.141204 0.032600
5 0.202546 0.651997 0.168981 0.032600
5 0.298611 0.651997 0.023148 0.029340
5 0.855324 0.653627 0.141204 0.032600
2 0.167824 0.687042 0.108796 0.030970
2 0.857639 0.687042 0.141204 0.030970
5 0.157986 0.722494 0.093750 0.041565
5 0.264468 0.717604 0.109954 0.035045
5 0.399306 0.716789 0.141204 0.038305
5 0.704861 0.728199 0.178241 0.039935
5 0.856481 0.727791 0.129630 0.030970
