5 0.083924 0.552469 0.026005 0.024691
3 0.190307 0.550926 0.049645 0.024691
3 0.265957 0.549383 0.082742 0.024691
3 0.381797 0.548611 0.125296 0.026235
4 0.809693 0.543981 0.130024 0.026235
5 0.081560 0.580247 0.021277 0.024691
3 0.190307 0.577932 0.054374 0.026235
3 0.287234 0.576389 0.111111 0.026235
3 0.386525 0.574074 0.073286 0.024691
3 0.472222 0.572917 0.083924 0.027006
3 0.565012 0.572531 0.080378 0.024691
4 0.810284 0.569830 0.133570 0.030093
5 0.080378 0.607253 0.023641 0.023148
3 0.260638 0.603009 0.199764 0.031636
3 0.401891 0.600309 0.056738 0.024691
3 0.476359 0.599537 0.078014 0.026235
4 0.813830 0.594522 0.131206 0.028549
5 0.078014 0.636574 0.023641 0.026235
3 0.210993 0.632330 0.102837 0.028549
3 0.357565 0.628858 0.169031 0.030864
3 0.486407 0.625386 0.079196 0.027006
4 0.816785 0.621914 0.130024 0.027778
5 0.816194 0.673611 0.154846 0.030864
5 0.128251 0.691358 0.138298 0.032407
5 0.237589 0.688272 0.026005 0.024691
5 0.829196 0.700231 0.135934 0.031636
5 0.104019 0.720679 0.085106 0.027778
5 0.206856 0.719136 0.096927 0.027778
5 0.127069 0.750000 0.135934 0.030864
5 0.299645 0.744985 0.190307 0.031636
5 0.823286 0.728781 0.159574 0.033179
5 0.879433 0.753086 0.042553 0.024691
5 0.157801 0.778935 0.195035 0.031636
2 0.830969 0.783179 0.158392 0.029321
2 0.116430 0.808642 0.119385 0.029321
5 0.833333 0.811728 0.160757 0.033951
5 0.128251 0.836034 0.131206 0.028549
5 0.261229 0.832176 0.115839 0.030093
