3 0.100000 0.628658 0.108434 0.030272
3 0.220482 0.630676 0.108434 0.030272
5 0.698795 0.634712 0.024096 0.026236
4 0.863855 0.637740 0.132530 0.032291
3 0.085542 0.664985 0.084337 0.030272
3 0.207229 0.665994 0.139759 0.028254
5 0.698795 0.670030 0.024096 0.028254
4 0.863253 0.673562 0.133735 0.037336
5 0.166265 0.700303 0.161446 0.028254
5 0.315663 0.700807 0.110843 0.029263
5 0.439157 0.700807 0.121687 0.029263
5 0.915663 0.707366 0.024096 0.026236
5 0.698795 0.705348 0.024096 0.026236
5 0.150602 0.736125 0.139759 0.031282
5 0.284337 0.735621 0.115663 0.030272
5 0.698795 0.739657 0.024096 0.026236
5 0.915663 0.742684 0.024096 0.028254
3 0.144578 0.769929 0.216867 0.030272
3 0.340964 0.770938 0.151807 0.028254
5 0.698795 0.774975 0.024096 0.028254
4 0.862651 0.780020 0.130120 0.034309
3 0.142169 0.806256 0.216867 0.030272
3 0.313253 0.806256 0.101205 0.030272
3 0.424096 0.806256 0.096386 0.030272
5 0.700000 0.810293 0.026506 0.026236
4 0.862651 0.815338 0.130120 0.032291
3 0.067470 0.843592 0.072289 0.032291
3 0.203614 0.843592 0.180723 0.032291
5 0.700000 0.847629 0.026506 0.028254
4 0.863855 0.850656 0.132530 0.034309
3 0.116867 0.879919 0.175904 0.032291
3 0.273494 0.878910 0.113253 0.030272
3 0.407229 0.879919 0.134940 0.036327
5 0.701205 0.882442 0.024096 0.029263
4 0.863855 0.886983 0.132530 0.034309
