5 0.138069 0.221446 0.022920 0.018477
5 0.176233 0.220998 0.062945 0.019080
3 0.287125 0.220576 0.144680 0.023329
3 0.425700 0.216742 0.121530 0.020841
4 0.740017 0.212968 0.122370 0.024668
5 0.139668 0.243550 0.021386 0.020002
5 0.177805 0.242842 0.064479 0.020086
3 0.278396 0.243910 0.123987 0.023918
3 0.380546 0.242779 0.067595 0.022880
3 0.436098 0.240304 0.032458 0.018570
3 0.481373 0.239162 0.048556 0.020242
4 0.740448 0.236230 0.123175 0.026929
5 0.141323 0.267573 0.022920 0.019240
5 0.179459 0.266751 0.064277 0.019067
3 0.244646 0.266320 0.048353 0.018703
3 0.321269 0.264161 0.093841 0.023642
3 0.414232 0.264113 0.092196 0.026663
4 0.742102 0.259865 0.121641 0.023892
5 0.142951 0.290440 0.024565 0.022290
5 0.181101 0.290380 0.062771 0.022117
3 0.284885 0.290636 0.127167 0.022906
3 0.387774 0.288008 0.072253 0.021954
3 0.457716 0.287817 0.069240 0.027239
4 0.745319 0.283495 0.123119 0.026942
5 0.143811 0.312945 0.027744 0.021567
5 0.182769 0.313756 0.062834 0.021124
3 0.282899 0.312536 0.121530 0.020841
3 0.433882 0.310890 0.156445 0.020371
4 0.748578 0.307110 0.118434 0.023865
5 0.143081 0.337337 0.024510 0.019989
5 0.184743 0.336896 0.065173 0.019080
3 0.258718 0.334873 0.071614 0.020782
3 0.329871 0.336167 0.072538 0.026201
3 0.434797 0.335677 0.124820 0.023918
4 0.748629 0.329997 0.126409 0.028481
5 0.147093 0.359829 0.024510 0.019266
5 0.185271 0.360653 0.062715 0.020348
3 0.259981 0.358883 0.070921 0.020046
3 0.337020 0.357856 0.067484 0.020388
3 0.430806 0.357071 0.102455 0.020681
4 0.753435 0.353238 0.124820 0.024654
5 0.148734 0.383952 0.026127 0.019829
5 0.187272 0.383908 0.063556 0.021124
3 0.298141 0.382213 0.140549 0.020238
3 0.441203 0.380634 0.127833 0.019369
4 0.754268 0.375723 0.124820 0.023918
5 0.149146 0.406351 0.023844 0.020792
5 0.188091 0.406666 0.063583 0.019842
3 0.264030 0.405767 0.064305 0.020362
3 0.330793 0.405208 0.045230 0.020202
3 0.394431 0.405935 0.064416 0.022880
3 0.477006 0.403221 0.083324 0.018996
4 0.755923 0.399359 0.123175 0.026929
5 0.153300 0.430816 0.022282 0.019067
5 0.190180 0.430035 0.064360 0.020822
3 0.293503 0.429551 0.121474 0.020078
3 0.413516 0.430078 0.102712 0.024342
3 0.489021 0.427533 0.022920 0.018490
4 0.757578 0.422995 0.121641 0.023892
5 0.154119 0.453603 0.022199 0.020778
5 0.191807 0.453556 0.065839 0.019053
3 0.294363 0.452812 0.121419 0.017790
3 0.397713 0.452430 0.067539 0.021354
3 0.480261 0.448967 0.086503 0.019023
4 0.761575 0.445855 0.124681 0.025404
5 0.153681 0.476015 0.024740 0.019842
5 0.189807 0.476074 0.065145 0.019856
3 0.256990 0.474486 0.045119 0.017151
3 0.330961 0.475393 0.089885 0.023700
3 0.407219 0.473423 0.046958 0.023629
3 0.465225 0.472743 0.048409 0.020229
4 0.764723 0.467176 0.126354 0.023892
5 0.153312 0.499282 0.025461 0.020592
5 0.193500 0.499431 0.065894 0.020375
3 0.268963 0.497280 0.073759 0.021900
3 0.363848 0.496100 0.106474 0.019958
3 0.459616 0.493762 0.067428 0.019612
4 0.771119 0.489634 0.124764 0.023156
5 0.155429 0.523781 0.022892 0.019253
5 0.194360 0.523073 0.065839 0.018850
3 0.250748 0.521450 0.029306 0.019293
3 0.307636 0.522509 0.068352 0.022690
3 0.411227 0.518580 0.127833 0.020118
3 0.507355 0.516644 0.046792 0.020202
4 0.775116 0.512113 0.127916 0.026955
5 0.156275 0.546660 0.022976 0.020778
5 0.196403 0.547350 0.063528 0.022130
3 0.310409 0.544225 0.140605 0.021001
3 0.426393 0.541728 0.067484 0.020388
4 0.779170 0.536853 0.124820 0.026180
5 0.157944 0.571059 0.024537 0.020792
5 0.198437 0.570331 0.067539 0.023426
3 0.274764 0.570462 0.067428 0.020388
3 0.368522 0.568151 0.108813 0.020734
3 0.465417 0.565807 0.067456 0.020375
4 0.784812 0.560482 0.131150 0.029230
5 0.162039 0.596200 0.024593 0.020792
5 0.201764 0.594723 0.062715 0.023399
3 0.314583 0.593035 0.148469 0.022553
3 0.447230 0.589997 0.105606 0.019945
4 0.787304 0.584479 0.124820 0.023918
5 0.501448 0.638750 0.166094 0.024264
5 0.785161 0.634473 0.151843 0.027944
5 0.379716 0.667230 0.143062 0.021027
5 0.523934 0.665644 0.128035 0.024116
5 0.797998 0.659916 0.128055 0.025470
5 0.527151 0.688885 0.048409 0.020229
5 0.576442 0.688748 0.026182 0.020592
5 0.802916 0.686582 0.129644 0.026995
2 0.540783 0.714335 0.112048 0.023009
2 0.795116 0.710666 0.153488 0.027905
5 0.510042 0.748158 0.176416 0.035797
5 0.798010 0.747662 0.189069 0.047251
5 0.449172 0.786429 0.109626 0.022273
5 0.559259 0.784741 0.086559 0.020548
5 0.858045 0.780713 0.048409 0.020229
5 0.472776 0.811404 0.108813 0.020734
5 0.570618 0.812593 0.069240 0.024392
5 0.860606 0.807393 0.051644 0.021780
