5 0.156039 0.600632 0.019709 0.025283
3 0.299961 0.597243 0.234025 0.033433
4 0.789535 0.590377 0.130562 0.034098
5 0.318920 0.629450 0.310015 0.035222
5 0.730161 0.623652 0.132784 0.032599
5 0.158305 0.666664 0.017325 0.023675
3 0.235367 0.663294 0.102688 0.028788
3 0.376430 0.660361 0.154781 0.029286
4 0.795931 0.658636 0.131834 0.031088
5 0.156500 0.698583 0.019709 0.025283
3 0.244499 0.694567 0.122502 0.030080
3 0.349930 0.694027 0.061319 0.029365
3 0.434101 0.694378 0.082124 0.031406
3 0.499810 0.694385 0.024394 0.026944
3 0.580486 0.694040 0.107454 0.032003
4 0.799568 0.695100 0.135248 0.035760
5 0.157077 0.732001 0.017325 0.023675
3 0.243390 0.729191 0.121190 0.030775
3 0.356880 0.728073 0.082683 0.029190
3 0.423205 0.728843 0.024394 0.026944
3 0.500427 0.728579 0.105151 0.031949
5 0.243739 0.761457 0.151071 0.029893
5 0.731226 0.766820 0.153907 0.033445
5 0.239324 0.795372 0.117305 0.033036
5 0.797774 0.805155 0.163078 0.034281
5 0.245223 0.831385 0.139382 0.033351
5 0.387820 0.835802 0.129019 0.036810
5 0.812449 0.844071 0.137748 0.035654
5 0.204411 0.866944 0.066085 0.032580
5 0.814173 0.882134 0.141780 0.034424
2 0.256850 0.944609 0.206161 0.042731
2 0.728472 0.958394 0.313078 0.035415
