5 0.052258 0.564783 0.022697 0.024783
3 0.176647 0.564152 0.154929 0.029283
3 0.337151 0.561874 0.132895 0.028722
4 0.807173 0.560898 0.135596 0.032636
5 0.050791 0.602418 0.022697 0.024783
3 0.197827 0.600706 0.199226 0.030108
3 0.409826 0.599054 0.196733 0.028444
4 0.806931 0.598519 0.138047 0.032665
5 0.452831 0.673381 0.191710 0.029672
5 0.785597 0.673186 0.135639 0.034271
5 0.507126 0.710776 0.086541 0.030430
5 0.795137 0.709875 0.111090 0.032351
2 0.427212 0.795121 0.163194 0.057476
2 0.792534 0.797817 0.187135 0.070677
5 0.405998 0.850568 0.113269 0.028950
5 0.531012 0.850748 0.108389 0.029007
5 0.820279 0.851059 0.135239 0.034445
