3 0.162037 0.520095 0.226852 0.031521
3 0.359954 0.518913 0.143519 0.038613
5 0.339120 0.555556 0.136574 0.031521
5 0.512731 0.556344 0.048611 0.028369
4 0.828704 0.553191 0.148148 0.031521
3 0.184606 0.597715 0.274306 0.033885
3 0.372106 0.599291 0.072917 0.033885
3 0.480903 0.595745 0.116898 0.033097
5 0.392361 0.635934 0.025463 0.029945
5 0.512731 0.636722 0.048611 0.028369
4 0.892361 0.635934 0.030093 0.029945
3 0.203125 0.679275 0.313657 0.031521
3 0.458912 0.676911 0.160880 0.033097
5 0.335648 0.719464 0.138889 0.033097
5 0.512731 0.719464 0.048611 0.029945
4 0.840278 0.721040 0.148148 0.033097
5 0.098380 0.802994 0.113426 0.029945
5 0.230324 0.802994 0.113426 0.029945
5 0.525463 0.804571 0.027778 0.029945
2 0.109375 0.884161 0.133102 0.031521
2 0.797454 0.890465 0.145833 0.031521
5 0.092014 0.921986 0.093750 0.029945
5 0.147569 0.959417 0.200231 0.029157
5 0.877315 0.963751 0.166667 0.026793
5 0.132523 0.989362 0.158565 0.021277
5 0.883681 0.990150 0.140046 0.019701
