3 0.163098 0.637829 0.113000 0.037110
3 0.264507 0.634731 0.052977 0.032644
4 0.848019 0.637796 0.163523 0.036229
5 0.213439 0.676901 0.211624 0.041332
5 0.849097 0.679742 0.165810 0.039280
5 0.139758 0.721639 0.057512 0.032697
5 0.205429 0.717817 0.025691 0.029274
5 0.282475 0.715386 0.075650 0.032910
5 0.862108 0.722311 0.136944 0.036680
2 0.241023 0.756688 0.242271 0.041705
2 0.848947 0.761374 0.165889 0.037755
5 0.215999 0.797415 0.201342 0.041199
5 0.848842 0.801052 0.163622 0.039320
5 0.265743 0.835738 0.296704 0.042344
5 0.860084 0.840965 0.136277 0.037312
