5 0.109756 0.421896 0.024390 0.032043
3 0.208333 0.423231 0.067073 0.030708
3 0.299797 0.424232 0.085366 0.031375
3 0.390752 0.424900 0.068089 0.031375
3 0.472561 0.426569 0.067073 0.032043
4 0.849085 0.426903 0.129065 0.032710
5 0.108232 0.455941 0.021341 0.029372
3 0.250000 0.458611 0.142276 0.030708
3 0.390752 0.459613 0.102642 0.030040
3 0.490854 0.462283 0.060976 0.036716
4 0.847561 0.462951 0.128049 0.028705
2 0.553862 0.556742 0.109756 0.030708
2 0.850610 0.546061 0.140244 0.060080
5 0.142785 0.614152 0.090447 0.032043
5 0.841463 0.623498 0.146341 0.029372
5 0.170732 0.650200 0.148374 0.029372
5 0.850102 0.657543 0.131098 0.032043
