3 0.135471 0.495678 0.089606 0.025082
3 0.247576 0.489764 0.125694 0.027769
3 0.366774 0.486078 0.100347 0.025162
4 0.787719 0.468522 0.117236 0.027610
5 0.654156 0.473552 0.029322 0.024323
3 0.136597 0.517986 0.088534 0.026186
3 0.241429 0.513888 0.118927 0.027690
3 0.345400 0.509790 0.083429 0.028434
4 0.791158 0.491392 0.121809 0.025422
5 0.656454 0.496974 0.029351 0.025407
3 0.143139 0.541358 0.105963 0.025282
4 0.795712 0.515346 0.120649 0.027650
5 0.657905 0.520416 0.027630 0.024243
3 0.141221 0.565392 0.102068 0.027470
3 0.246334 0.560752 0.101448 0.027490
4 0.797979 0.538798 0.117295 0.031082
5 0.660187 0.543255 0.031013 0.024323
5 0.382987 0.655239 0.086872 0.025022
5 0.491246 0.652827 0.120737 0.025442
5 0.776937 0.640321 0.141068 0.027929
5 0.358806 0.687009 0.224801 0.039263
5 0.513919 0.678899 0.076692 0.031746
5 0.789533 0.668781 0.117354 0.034514
2 0.395633 0.750081 0.127504 0.030057
2 0.518184 0.746345 0.119016 0.027630
2 0.752969 0.761913 0.225835 0.044924
5 0.343050 0.779299 0.132580 0.030097
5 0.496024 0.773508 0.141009 0.033669
5 0.672769 0.899598 0.125960 0.031181
5 0.771606 0.894968 0.093669 0.032990
