5 0.167638 0.510166 0.016471 0.024128
3 0.269823 0.509040 0.145469 0.028635
3 0.401862 0.510189 0.088342 0.027017
3 0.494956 0.510788 0.062714 0.025414
3 0.599595 0.510787 0.106566 0.028217
4 0.855734 0.511425 0.129783 0.032337
5 0.172734 0.540640 0.015233 0.023342
3 0.313885 0.541848 0.222206 0.029362
3 0.507042 0.543814 0.126544 0.027816
3 0.643925 0.543534 0.110774 0.028921
4 0.850639 0.547422 0.137103 0.030169
5 0.174213 0.572320 0.016492 0.024888
3 0.272430 0.573152 0.142335 0.027076
3 0.410933 0.574712 0.107783 0.026685
3 0.535044 0.574882 0.105350 0.028204
4 0.850955 0.581041 0.138298 0.029383
2 0.299789 0.651310 0.205650 0.051835
2 0.784155 0.659532 0.268858 0.061096
5 0.235804 0.688341 0.082260 0.028720
5 0.841463 0.700561 0.159040 0.034979
5 0.310091 0.736197 0.253051 0.052949
5 0.780713 0.747996 0.269213 0.061691
5 0.337400 0.776872 0.061582 0.028491
5 0.426311 0.780137 0.061604 0.029264
5 0.861061 0.793867 0.117683 0.034520
