5 0.300879 0.399399 0.016662 0.013698
3 0.373763 0.400119 0.115466 0.016607
3 0.453257 0.401387 0.029943 0.014796
3 0.494080 0.401790 0.042340 0.014918
3 0.541529 0.402258 0.042340 0.014918
4 0.716836 0.402538 0.079132 0.016248
5 0.302355 0.413923 0.017089 0.013702
3 0.363498 0.414043 0.091498 0.015403
3 0.441939 0.414817 0.055164 0.015045
4 0.716407 0.416438 0.079169 0.017457
5 0.301698 0.428304 0.013234 0.013422
3 0.338475 0.428184 0.042332 0.014676
3 0.398534 0.428776 0.067553 0.014925
3 0.458608 0.428886 0.042302 0.013709
4 0.715978 0.430338 0.079132 0.016248
5 0.302352 0.441731 0.015379 0.013685
3 0.363495 0.441851 0.089789 0.015386
3 0.452836 0.442733 0.078674 0.015277
3 0.512040 0.443318 0.029516 0.014791
4 0.716208 0.443642 0.081229 0.016137
5 0.368623 0.455806 0.104285 0.014321
5 0.447063 0.456581 0.042302 0.013709
5 0.661229 0.458574 0.015011 0.015615
5 0.715120 0.458139 0.079191 0.018182
5 0.368650 0.482648 0.102575 0.014304
5 0.709803 0.484928 0.091528 0.016370
5 0.338118 0.495163 0.042272 0.012742
5 0.388345 0.495659 0.044410 0.012763
5 0.715587 0.498406 0.079064 0.014072
2 0.379245 0.520355 0.126123 0.015745
2 0.670332 0.523712 0.173216 0.020561
5 0.346999 0.532974 0.070088 0.013984
5 0.416463 0.533660 0.055126 0.013836
5 0.472034 0.534208 0.016654 0.013456
5 0.638893 0.538153 0.066717 0.014826
5 0.698986 0.537537 0.044079 0.015902
5 0.750199 0.533811 0.018792 0.013477
5 0.336144 0.559104 0.045759 0.014952
5 0.397257 0.560189 0.066327 0.013375
5 0.716554 0.564068 0.095365 0.021838
