5 0.162393 0.362134 0.139194 0.033050
3 0.460928 0.361662 0.140415 0.032106
3 0.628205 0.359773 0.164835 0.035883
3 0.750916 0.355052 0.051282 0.037771
5 0.106838 0.405571 0.025641 0.029273
5 0.457875 0.407932 0.144078 0.037771
4 0.815018 0.404155 0.137973 0.035883
5 0.141026 0.449953 0.084249 0.036827
3 0.452381 0.446176 0.128205 0.034939
3 0.567766 0.445231 0.090354 0.034939
3 0.669109 0.445231 0.078144 0.034939
5 0.105006 0.491974 0.031746 0.028329
5 0.481685 0.492918 0.106227 0.037771
4 0.835165 0.491029 0.100122 0.035883
5 0.138584 0.577432 0.081807 0.044381
5 0.322955 0.577432 0.023199 0.040604
5 0.386447 0.582625 0.067155 0.039660
5 0.564103 0.576959 0.024420 0.030217
5 0.178877 0.621341 0.167277 0.033994
5 0.819292 0.620397 0.141636 0.037771
2 0.146520 0.663362 0.102564 0.031161
2 0.818071 0.664778 0.136752 0.045326
5 0.137973 0.706327 0.083028 0.035883
5 0.819902 0.708687 0.140415 0.036827
5 0.164835 0.750708 0.148962 0.033994
5 0.871184 0.745987 0.035409 0.030217
