5 0.086180 0.526595 0.020192 0.019004
3 0.186396 0.526466 0.032047 0.021476
3 0.221788 0.525661 0.032115 0.023826
3 0.310183 0.526583 0.130332 0.024852
3 0.424115 0.527773 0.091045 0.024442
4 0.765841 0.533691 0.122475 0.024770
5 0.085323 0.555968 0.020261 0.021353
3 0.210127 0.554921 0.092872 0.026771
3 0.336827 0.556243 0.145978 0.022666
4 0.772807 0.564321 0.106760 0.024606
5 0.082502 0.585320 0.024121 0.019045
3 0.237753 0.584591 0.146047 0.025016
3 0.365469 0.584749 0.087048 0.022051
3 0.440148 0.584353 0.047830 0.023990
4 0.762162 0.592416 0.126403 0.024811
5 0.079646 0.615847 0.020192 0.019004
3 0.209361 0.614851 0.091045 0.024442
3 0.293861 0.614558 0.071470 0.026586
3 0.401968 0.613336 0.122543 0.027120
4 0.771127 0.621891 0.106829 0.026955
5 0.078754 0.646395 0.020192 0.019004
3 0.241931 0.643398 0.165690 0.025221
4 0.768271 0.652418 0.110757 0.026996
5 0.075898 0.676922 0.024121 0.019045
3 0.223361 0.673761 0.130332 0.024852
3 0.349147 0.672723 0.106760 0.024606
4 0.759556 0.681709 0.126403 0.024811
5 0.402434 0.732043 0.067473 0.024195
5 0.493810 0.731822 0.104727 0.029244
5 0.755912 0.739259 0.130401 0.027202
5 0.443112 0.819438 0.201048 0.025590
5 0.784804 0.826531 0.043833 0.021600
5 0.384324 0.847618 0.127099 0.025731
5 0.483540 0.848066 0.047830 0.023990
5 0.530616 0.850908 0.024121 0.019045
5 0.756515 0.853266 0.106760 0.024606
2 0.485240 0.924476 0.102900 0.026914
2 0.742774 0.920113 0.130812 0.041300
5 0.496066 0.957497 0.087185 0.026750
5 0.735750 0.958824 0.142255 0.029674
