5 0.203993 0.344907 0.019097 0.023148
3 0.335938 0.346644 0.220486 0.026620
4 0.626736 0.349537 0.093750 0.023148
5 0.205729 0.372106 0.019097 0.021991
3 0.276910 0.373264 0.092014 0.024306
3 0.363715 0.374421 0.060764 0.024306
3 0.416667 0.375000 0.027778 0.020833
4 0.625868 0.376736 0.098958 0.021991
5 0.204861 0.398148 0.024306 0.025463
5 0.319444 0.399884 0.114583 0.024306
3 0.274306 0.427083 0.093750 0.023148
3 0.362847 0.427662 0.059028 0.021991
3 0.443576 0.428241 0.081597 0.025463
4 0.613715 0.428819 0.109375 0.024306
5 0.205729 0.453125 0.022569 0.024306
3 0.326389 0.453704 0.204861 0.030093
4 0.622396 0.456597 0.098958 0.026620
5 0.207465 0.480324 0.019097 0.025463
3 0.291667 0.479745 0.131944 0.026620
3 0.397569 0.479167 0.062500 0.025463
4 0.622396 0.479745 0.095486 0.024306
5 0.207465 0.507523 0.022569 0.024306
3 0.335069 0.505787 0.218750 0.025463
4 0.624132 0.506944 0.095486 0.023148
5 0.209201 0.533565 0.019097 0.023148
3 0.318576 0.530671 0.189236 0.026620
4 0.612847 0.531829 0.114583 0.024306
5 0.367188 0.556713 0.286458 0.027778
5 0.291667 0.584491 0.131944 0.027778
5 0.377604 0.581019 0.026042 0.020833
5 0.256076 0.611690 0.060764 0.024306
5 0.334201 0.608218 0.078125 0.026620
5 0.414062 0.607060 0.060764 0.024306
5 0.621528 0.608218 0.128472 0.024306
5 0.256944 0.667245 0.055556 0.024306
5 0.333333 0.660880 0.076389 0.025463
5 0.611979 0.662037 0.116319 0.025463
5 0.256944 0.693287 0.059028 0.025463
5 0.331597 0.690394 0.076389 0.021991
5 0.611111 0.686921 0.114583 0.026620
5 0.302083 0.717014 0.145833 0.033565
5 0.430556 0.711227 0.090278 0.024306
5 0.619792 0.714120 0.128472 0.025463
5 0.289062 0.746528 0.133681 0.030093
5 0.419271 0.739583 0.109375 0.025463
5 0.618056 0.739005 0.100694 0.026620
5 0.256076 0.776042 0.060764 0.024306
5 0.611111 0.765046 0.111111 0.025463
2 0.289931 0.800347 0.135417 0.040509
2 0.539931 0.792824 0.253472 0.037037
5 0.271701 0.887153 0.078125 0.031250
5 0.347222 0.880208 0.059028 0.033565
5 0.598090 0.872106 0.126736 0.035880
