5 0.133166 0.461329 0.023914 0.024535
3 0.209308 0.449962 0.111685 0.044025
3 0.311893 0.436567 0.093033 0.041590
4 0.711917 0.380061 0.134724 0.049710
5 0.139851 0.497484 0.027644 0.025022
3 0.225320 0.484900 0.134067 0.046948
3 0.338766 0.468662 0.092375 0.038827
3 0.426100 0.455834 0.074381 0.039154
3 0.500707 0.446093 0.074381 0.039154
4 0.724198 0.415486 0.134724 0.049710
5 0.145001 0.535264 0.028302 0.027784
3 0.202163 0.524952 0.078112 0.039642
3 0.324935 0.507497 0.171370 0.051819
3 0.453632 0.490692 0.073724 0.036392
3 0.540965 0.477864 0.093033 0.041590
4 0.735218 0.450342 0.139004 0.056373
5 0.145433 0.569388 0.037078 0.034284
3 0.235290 0.559079 0.142185 0.050685
3 0.384174 0.538214 0.156449 0.049870
4 0.746291 0.488082 0.139662 0.055479
5 0.154642 0.608062 0.028302 0.027784
3 0.221459 0.597913 0.097421 0.044839
3 0.333369 0.583300 0.119803 0.047762
3 0.472159 0.563775 0.154912 0.057427
4 0.762028 0.525903 0.142843 0.053447
5 0.156390 0.647710 0.028302 0.027784
3 0.224743 0.635936 0.100494 0.042564
3 0.338518 0.621080 0.119145 0.045000
3 0.450428 0.606467 0.096763 0.042077
3 0.549282 0.593559 0.093033 0.041590
4 0.772773 0.562953 0.145915 0.051172
5 0.489087 0.684711 0.182669 0.054905
5 0.788775 0.646313 0.168297 0.054094
5 0.553647 0.716891 0.082500 0.042891
5 0.813563 0.685801 0.145915 0.051172
2 0.322457 0.852467 0.234560 0.089512
2 0.761757 0.799377 0.329792 0.109977
