3 0.287859 0.625478 0.184547 0.022627
3 0.443488 0.624890 0.103753 0.021452
3 0.516777 0.624155 0.020751 0.019982
3 0.605298 0.627241 0.139514 0.024390
5 0.409492 0.654276 0.107285 0.022627
5 0.540397 0.654423 0.037969 0.019982
4 0.770199 0.656920 0.105519 0.022627
3 0.292715 0.684543 0.205740 0.022627
3 0.433996 0.685572 0.060927 0.027623
3 0.516777 0.683074 0.088742 0.022627
5 0.450110 0.712607 0.022517 0.021158
5 0.541280 0.713194 0.039735 0.019982
4 0.815453 0.715104 0.022958 0.021452
5 0.234216 0.771525 0.086093 0.024390
5 0.332450 0.772113 0.084768 0.022627
5 0.550773 0.772260 0.020751 0.019982
2 0.245254 0.828534 0.098455 0.029680
2 0.739294 0.830003 0.104636 0.024978
5 0.235099 0.853071 0.070199 0.026447
5 0.274614 0.883632 0.143046 0.037026
5 0.803091 0.888481 0.108609 0.024978
