3 0.060206 0.388321 0.055800 0.040876
3 0.153451 0.389781 0.101322 0.040876
3 0.222467 0.393431 0.024963 0.042336
3 0.319383 0.390511 0.139501 0.039416
5 0.134361 0.433577 0.013216 0.040876
5 0.317181 0.435036 0.111601 0.040876
5 0.455213 0.434307 0.076358 0.036496
4 0.678414 0.435766 0.108664 0.042336
2 0.080029 0.516788 0.095448 0.037956
2 0.201909 0.518248 0.127753 0.035036
2 0.677680 0.520438 0.107195 0.039416
5 0.105727 0.560584 0.146843 0.040876
5 0.720264 0.562044 0.024963 0.040876
5 0.070485 0.602920 0.079295 0.040876
5 0.677680 0.604380 0.110132 0.040876
5 0.069750 0.646715 0.083700 0.043796
5 0.185022 0.645985 0.129222 0.042336
5 0.720999 0.646715 0.023495 0.037956
