5 0.142361 0.550926 0.016204 0.021605
3 0.231481 0.548611 0.134259 0.026235
3 0.384259 0.548611 0.148148 0.026235
4 0.796296 0.550926 0.115741 0.027778
5 0.141204 0.581019 0.013889 0.023148
3 0.222222 0.579475 0.115741 0.026235
3 0.338542 0.577546 0.096065 0.027006
4 0.796296 0.580247 0.115741 0.027778
5 0.138889 0.610340 0.018519 0.023148
3 0.239583 0.609568 0.150463 0.027778
3 0.393519 0.607253 0.129630 0.026235
4 0.795139 0.611111 0.115741 0.027778
5 0.140046 0.641975 0.016204 0.021605
3 0.221065 0.639660 0.113426 0.026235
3 0.329861 0.638117 0.076389 0.026235
4 0.795139 0.640432 0.115741 0.027778
5 0.219329 0.700617 0.116898 0.029321
5 0.789352 0.700617 0.129630 0.027778
5 0.190972 0.732253 0.062500 0.026235
5 0.799769 0.731481 0.113426 0.027778
5 0.189815 0.763117 0.060185 0.026235
5 0.798611 0.760802 0.111111 0.027778
2 0.254051 0.851466 0.181713 0.031636
2 0.726273 0.846451 0.248843 0.033951
