5 0.228978 0.608247 0.023286 0.027491
3 0.357050 0.607388 0.119017 0.027491
3 0.461190 0.611254 0.086675 0.038660
3 0.545925 0.608247 0.082794 0.027491
3 0.666235 0.607388 0.147477 0.025773
4 0.873221 0.608247 0.121604 0.030928
5 0.228978 0.636598 0.023286 0.025773
5 0.369340 0.634880 0.104787 0.029210
5 0.486417 0.635739 0.113842 0.024055
5 0.923674 0.634021 0.025873 0.024055
5 0.875162 0.690292 0.122898 0.033505
5 0.288486 0.691581 0.152652 0.029210
5 0.373868 0.690722 0.023286 0.027491
2 0.260026 0.721649 0.100906 0.027491
2 0.877102 0.718213 0.119017 0.030928
5 0.247736 0.753007 0.084088 0.035223
5 0.344761 0.749141 0.102199 0.029210
5 0.467012 0.748282 0.126779 0.032646
5 0.763907 0.755584 0.161708 0.031787
5 0.884217 0.753866 0.094437 0.031787
