3 0.108720 0.485792 0.078366 0.023004
3 0.197572 0.485115 0.075055 0.018945
5 0.086093 0.513194 0.035320 0.019621
5 0.233996 0.513870 0.103753 0.019621
4 0.591611 0.516576 0.110375 0.018268
5 0.138521 0.569689 0.140177 0.020298
5 0.589404 0.573410 0.105960 0.019621
5 0.094371 0.599459 0.054084 0.018945
5 0.203091 0.601488 0.123620 0.021651
5 0.598234 0.602503 0.090508 0.019621
2 0.109272 0.659337 0.088300 0.022327
2 0.589404 0.660690 0.108168 0.026387
5 0.097130 0.719553 0.072848 0.022327
5 0.588852 0.719215 0.107064 0.020298
5 0.114238 0.751015 0.111479 0.024357
5 0.598786 0.747970 0.087196 0.022327
