5 0.260659 0.488160 0.013566 0.026387
3 0.330911 0.487145 0.101744 0.027064
3 0.432655 0.487145 0.086240 0.027064
3 0.518411 0.486806 0.079457 0.029093
3 0.603198 0.486806 0.088178 0.026387
4 0.767442 0.486806 0.104651 0.029093
5 0.261143 0.514885 0.018411 0.024357
3 0.331395 0.513870 0.104651 0.030447
3 0.446705 0.513532 0.120155 0.027064
3 0.556202 0.513532 0.087209 0.027064
4 0.768411 0.514885 0.104651 0.029770
2 0.360465 0.577808 0.176357 0.052774
2 0.722384 0.578146 0.208333 0.054804
5 0.313953 0.611299 0.073643 0.026387
5 0.765504 0.612991 0.122093 0.029770
5 0.375484 0.648512 0.208333 0.052097
5 0.724806 0.651218 0.215116 0.056157
5 0.317345 0.683694 0.082364 0.029093
5 0.398256 0.683356 0.052326 0.028417
5 0.464147 0.683356 0.056202 0.029770
5 0.781008 0.685724 0.094961 0.031800
