5 0.058873 0.621222 0.038972 0.021259
5 0.115516 0.622982 0.042816 0.022476
3 0.242192 0.623937 0.116495 0.024024
3 0.351661 0.625093 0.076612 0.022308
4 0.718437 0.631100 0.194085 0.027926
5 0.117801 0.705845 0.167930 0.024382
5 0.716878 0.715020 0.194996 0.030749
2 0.087382 0.790013 0.112003 0.024533
2 0.718608 0.799294 0.196885 0.030788
5 0.105320 0.847592 0.154345 0.025955
5 0.234626 0.848028 0.080390 0.024502
5 0.336034 0.848456 0.093957 0.025822
5 0.717182 0.856466 0.196852 0.031357
5 0.104615 0.876036 0.152456 0.025916
5 0.260151 0.877027 0.132586 0.028870
5 0.716950 0.884626 0.195908 0.033022
