5 0.051036 0.418630 0.022189 0.017844
3 0.212278 0.421485 0.096154 0.023555
3 0.347633 0.421842 0.174556 0.022841
3 0.464497 0.422198 0.065089 0.024982
4 0.627959 0.447181 0.176036 0.023555
5 0.045858 0.471449 0.029586 0.020700
3 0.198225 0.471092 0.073964 0.019986
3 0.278107 0.473233 0.088757 0.025696
3 0.343195 0.471806 0.047337 0.021413
3 0.436391 0.474304 0.142012 0.017844
3 0.189349 0.495004 0.068047 0.027837
4 0.630917 0.518558 0.178994 0.024982
5 0.045858 0.545325 0.023669 0.018558
3 0.192308 0.547109 0.071006 0.016417
3 0.284024 0.544968 0.109467 0.020700
3 0.371302 0.545325 0.068047 0.028551
4 0.634615 0.570307 0.177515 0.024268
5 0.042160 0.598501 0.022189 0.020700
3 0.234467 0.598858 0.152367 0.021413
3 0.352811 0.598501 0.081361 0.022127
4 0.659763 0.623483 0.136095 0.026410
5 0.258136 0.664168 0.170118 0.027837
5 0.630178 0.664525 0.210059 0.027123
5 0.262574 0.741256 0.173077 0.024982
5 0.692308 0.737687 0.088757 0.022127
2 0.240385 0.778373 0.128698 0.027837
2 0.610207 0.779443 0.258876 0.029979
5 0.448964 0.811563 0.187870 0.024268
5 0.184172 0.839757 0.164201 0.026410
5 0.641272 0.837616 0.202663 0.027837
5 0.174556 0.864026 0.144970 0.026410
5 0.695266 0.862955 0.091716 0.021413
5 0.184172 0.902213 0.034024 0.022841
5 0.272189 0.901856 0.144970 0.029265
