3 0.174155 0.583711 0.062567 0.021086
3 0.242831 0.586112 0.067987 0.025638
3 0.326881 0.589648 0.095512 0.027831
3 0.428445 0.594334 0.096573 0.027831
3 0.493708 0.598919 0.020788 0.020085
4 0.712758 0.609830 0.101162 0.028743
3 0.216258 0.610774 0.147109 0.028341
3 0.313347 0.617253 0.036180 0.020454
3 0.362784 0.619193 0.051649 0.022331
4 0.712322 0.640027 0.098964 0.028691
3 0.167638 0.636040 0.056878 0.026023
3 0.231821 0.640221 0.060445 0.022542
3 0.307606 0.643547 0.075837 0.022910
3 0.377816 0.648249 0.049450 0.022278
4 0.710863 0.668689 0.098964 0.028691
5 0.204377 0.692803 0.118446 0.026148
5 0.707319 0.727885 0.104230 0.032488
5 0.169558 0.717268 0.053848 0.022383
5 0.239277 0.720826 0.070071 0.024936
5 0.712910 0.758226 0.085732 0.027620
2 0.177258 0.771447 0.067795 0.024831
2 0.231507 0.776145 0.034058 0.021909
2 0.291254 0.780975 0.078866 0.026655
2 0.702181 0.817628 0.103169 0.029497
5 0.179633 0.822088 0.066619 0.023322
5 0.669789 0.870079 0.164392 0.037682
5 0.195086 0.875333 0.091753 0.026919
5 0.675820 0.924596 0.151122 0.037366
