5 0.094588 0.400335 0.032372 0.024650
3 0.334092 0.401096 0.023773 0.023128
4 0.709661 0.393640 0.190187 0.039257
3 0.214213 0.401248 0.156297 0.027085
3 0.258220 0.427115 0.240263 0.027085
3 0.451442 0.427419 0.092564 0.027693
5 0.094335 0.427115 0.023773 0.023433
4 0.785028 0.415247 0.032372 0.023433
2 0.215478 0.492088 0.161861 0.049300
2 0.712443 0.486306 0.209914 0.063907
5 0.094588 0.491935 0.032372 0.041692
5 0.152757 0.560712 0.148710 0.025867
5 0.714972 0.554169 0.193728 0.034693
5 0.185129 0.640444 0.214466 0.027693
5 0.717248 0.636945 0.192210 0.031649
