5 0.402034 0.352534 0.016058 0.014520
3 0.427192 0.373991 0.046391 0.041946
3 0.466090 0.406983 0.048175 0.042430
4 0.565473 0.491923 0.038183 0.034524
5 0.390615 0.362859 0.016058 0.014520
3 0.415416 0.384639 0.045677 0.041300
3 0.451815 0.415695 0.043179 0.037912
4 0.551645 0.501683 0.042644 0.038558
2 0.395254 0.415937 0.066375 0.060015
2 0.509090 0.514186 0.082433 0.070662
5 0.365903 0.416985 0.031938 0.028878
5 0.510250 0.541047 0.043358 0.039203
5 0.369828 0.448525 0.078330 0.068726
5 0.503381 0.563876 0.028191 0.025490
