3 0.104302 0.500000 0.114733 0.027586
3 0.224902 0.497414 0.100391 0.024138
5 0.069752 0.530603 0.040417 0.025000
5 0.215776 0.528448 0.110821 0.027586
4 0.575619 0.526724 0.113429 0.024138
5 0.120600 0.592672 0.149935 0.028448
5 0.577575 0.588793 0.109518 0.024138
5 0.076271 0.625000 0.063885 0.025862
5 0.186441 0.625431 0.125163 0.031897
5 0.588005 0.620259 0.099087 0.028448
2 0.093220 0.688793 0.100391 0.025862
2 0.580834 0.684483 0.113429 0.027586
5 0.093872 0.720259 0.099087 0.026724
5 0.580834 0.715517 0.110821 0.027586
