3 0.228757 0.575887 0.065797 0.035683
3 0.275955 0.584491 0.031846 0.026220
4 0.631676 0.655184 0.080172 0.037707
5 0.224218 0.629271 0.096182 0.040386
5 0.618711 0.709281 0.080614 0.039017
5 0.188538 0.649436 0.044613 0.027718
5 0.241979 0.661496 0.059916 0.032186
5 0.617897 0.737885 0.071150 0.038221
2 0.173922 0.703181 0.058265 0.031835
2 0.219107 0.713487 0.033055 0.025261
2 0.264565 0.725518 0.064206 0.034677
2 0.598107 0.791233 0.084359 0.041028
5 0.151816 0.758143 0.057822 0.030525
5 0.558856 0.843253 0.133953 0.049112
5 0.140908 0.817526 0.085169 0.043297
5 0.569080 0.908595 0.087662 0.041730
