5 0.191886 0.438081 0.020833 0.025288
3 0.254934 0.438825 0.082237 0.026776
3 0.354441 0.439569 0.098136 0.025288
3 0.462993 0.439569 0.095943 0.025288
4 0.780154 0.441986 0.107456 0.027148
5 0.190789 0.467460 0.018640 0.023801
3 0.253564 0.469134 0.079496 0.027148
3 0.345121 0.469134 0.079496 0.027148
3 0.445450 0.469877 0.098136 0.025660
3 0.551809 0.469134 0.095943 0.027148
4 0.783717 0.470621 0.110197 0.027148
5 0.189419 0.497583 0.021382 0.023801
3 0.244243 0.498327 0.060855 0.025288
3 0.327577 0.499256 0.081689 0.027148
3 0.444353 0.498327 0.133224 0.025288
3 0.572094 0.498327 0.098136 0.025288
4 0.781250 0.500000 0.119518 0.028635
2 0.306195 0.569171 0.196820 0.054667
2 0.731086 0.572146 0.234101 0.055411
5 0.249178 0.607103 0.083882 0.027148
5 0.785910 0.607847 0.118969 0.028635
5 0.320450 0.649870 0.236294 0.052436
5 0.751096 0.652473 0.200658 0.057642
