3 0.073305 0.618091 0.088849 0.027097
3 0.171363 0.619108 0.092290 0.027132
5 0.432591 0.618955 0.026869 0.024818
5 0.522072 0.619065 0.130136 0.027525
4 0.739568 0.619685 0.130136 0.027525
3 0.073709 0.651242 0.091601 0.027125
3 0.180398 0.651326 0.112185 0.025294
5 0.433339 0.652110 0.030310 0.024853
5 0.531445 0.651491 0.109541 0.028947
4 0.748917 0.652929 0.114998 0.027368
3 0.074112 0.684394 0.088849 0.027097
3 0.191498 0.683566 0.129448 0.027518
5 0.430616 0.686252 0.026809 0.022772
5 0.521846 0.685357 0.126696 0.027489
4 0.739306 0.687205 0.133464 0.028091
5 0.081741 0.717621 0.106052 0.027275
5 0.739354 0.720762 0.130136 0.027525
5 0.062200 0.785350 0.070958 0.026911
5 0.160602 0.786371 0.109493 0.027311
5 0.236664 0.786342 0.033063 0.024882
5 0.750718 0.790858 0.115686 0.027375
2 0.078774 0.818669 0.106052 0.027275
2 0.196099 0.819887 0.106740 0.027282
2 0.737703 0.823870 0.132889 0.027554
5 0.082274 0.851853 0.109493 0.027311
5 0.738426 0.857843 0.136378 0.029226
5 0.097472 0.885158 0.147340 0.027704
5 0.785942 0.892302 0.032423 0.026511
