5 0.140112 0.300279 0.168473 0.037235
3 0.293277 0.292871 0.111846 0.034717
3 0.406106 0.287343 0.085823 0.033284
4 0.823226 0.262995 0.132907 0.038597
5 0.146041 0.342863 0.169097 0.037871
3 0.309182 0.334564 0.127581 0.036944
3 0.473936 0.324803 0.169219 0.039237
4 0.825434 0.307503 0.129559 0.039772
5 0.149247 0.383883 0.165003 0.036361
3 0.290268 0.376802 0.084088 0.033188
3 0.425711 0.370715 0.148400 0.038090
3 0.535877 0.364647 0.046041 0.032452
4 0.825665 0.349373 0.132907 0.038597
5 0.158213 0.425617 0.165003 0.037044
3 0.329221 0.417913 0.149389 0.035501
3 0.472219 0.413469 0.108740 0.038626
4 0.838473 0.390208 0.106138 0.035161
2 0.138974 0.508724 0.101315 0.032777
2 0.819456 0.470900 0.147836 0.036088
5 0.137227 0.547957 0.084088 0.033188
5 0.822006 0.514359 0.144809 0.036533
5 0.157347 0.588045 0.123990 0.035386
5 0.867344 0.553745 0.068595 0.033695
