3 0.131702 0.680101 0.072261 0.026868
3 0.214452 0.680101 0.074592 0.026868
3 0.304779 0.674643 0.096737 0.031066
5 0.434732 0.673384 0.020979 0.023510
5 0.508159 0.671704 0.107226 0.026868
4 0.686480 0.670025 0.104895 0.026868
5 0.139860 0.714526 0.088578 0.025189
5 0.689977 0.705290 0.102564 0.026868
5 0.125874 0.780856 0.055944 0.026868
5 0.208625 0.780017 0.090909 0.025189
5 0.273893 0.777498 0.025641 0.023510
5 0.696387 0.773300 0.089744 0.028547
2 0.139860 0.813602 0.093240 0.025189
2 0.238928 0.811923 0.090909 0.025189
2 0.686480 0.809404 0.104895 0.026868
5 0.143357 0.847187 0.090909 0.025189
5 0.681818 0.844668 0.118881 0.026868
5 0.157343 0.880772 0.123543 0.025189
5 0.686480 0.880772 0.104895 0.028547
