5 0.242576 0.472948 0.020982 0.018656
3 0.305232 0.471653 0.041507 0.017514
3 0.360364 0.472381 0.069540 0.017884
3 0.413709 0.469549 0.030326 0.018780
4 0.614317 0.464772 0.075314 0.020970
5 0.241185 0.492734 0.019048 0.015803
3 0.335596 0.492207 0.104363 0.021989
3 0.425367 0.490923 0.073245 0.016519
4 0.619450 0.485352 0.064101 0.019704
5 0.417929 0.529727 0.041507 0.017514
5 0.469855 0.527938 0.062281 0.018314
5 0.616209 0.524572 0.074396 0.020263
5 0.412821 0.589075 0.071409 0.017909
5 0.466133 0.587657 0.028457 0.018755
5 0.493264 0.586601 0.019048 0.015803
5 0.623249 0.584074 0.065835 0.019249
2 0.471608 0.654218 0.064150 0.020411
2 0.617223 0.642708 0.076004 0.031576
5 0.477339 0.669507 0.053839 0.018413
5 0.617184 0.664982 0.075363 0.022384
5 0.461934 0.708554 0.084724 0.021554
5 0.624705 0.702923 0.065937 0.023215
5 0.284582 0.799578 0.019080 0.017217
5 0.332287 0.798086 0.069572 0.019298
