3 0.191221 0.492541 0.081784 0.021097
3 0.284846 0.493106 0.091635 0.021215
5 0.662953 0.491967 0.020131 0.017010
4 0.783668 0.492209 0.099023 0.021302
5 0.411490 0.580540 0.074396 0.021010
5 0.503840 0.579442 0.101486 0.021332
5 0.768621 0.577972 0.103948 0.021361
5 0.386298 0.606850 0.200036 0.024181
5 0.524802 0.604364 0.068240 0.025911
5 0.781558 0.602151 0.089215 0.022863
2 0.413639 0.664420 0.113799 0.021478
2 0.526253 0.661403 0.105158 0.024702
2 0.754048 0.682188 0.163311 0.032129
5 0.380973 0.687463 0.116305 0.023185
5 0.511495 0.685911 0.136092 0.026774
5 0.658063 0.806250 0.121430 0.027967
5 0.762089 0.803755 0.099152 0.026335
