3 0.285683 0.504289 0.068301 0.023679
3 0.372033 0.504164 0.086343 0.025721
4 0.707682 0.511556 0.095424 0.025523
3 0.283865 0.530969 0.070518 0.022180
3 0.393349 0.531498 0.131497 0.024424
4 0.705883 0.537473 0.102195 0.025603
3 0.267377 0.557476 0.038960 0.023332
3 0.368961 0.557911 0.147335 0.026136
4 0.707431 0.564956 0.097681 0.025550
5 0.311847 0.583939 0.129279 0.025923
5 0.705594 0.592398 0.099938 0.025577
5 0.303238 0.611301 0.117955 0.024264
5 0.390133 0.612327 0.038960 0.023332
5 0.711655 0.619934 0.086396 0.025417
5 0.267945 0.666576 0.054798 0.025044
5 0.333398 0.667348 0.050284 0.024991
5 0.712494 0.674872 0.086396 0.025417
2 0.275136 0.694125 0.070597 0.025230
2 0.703866 0.702997 0.102234 0.027129
5 0.271605 0.721548 0.072761 0.026644
5 0.652978 0.728335 0.193564 0.031231
