5 0.159615 0.530671 0.026923 0.024306
3 0.222115 0.528356 0.071154 0.028935
3 0.312500 0.527199 0.086538 0.026620
3 0.464423 0.526042 0.190385 0.028935
4 0.781731 0.528935 0.136538 0.034722
5 0.159615 0.562500 0.026923 0.023148
3 0.220192 0.560185 0.071154 0.027778
3 0.353846 0.558449 0.169231 0.028935
3 0.484615 0.557870 0.069231 0.027778
4 0.780769 0.563657 0.138462 0.032407
5 0.160577 0.595486 0.028846 0.024306
3 0.243269 0.593171 0.113462 0.028935
3 0.365385 0.591435 0.107692 0.030093
3 0.475962 0.590856 0.090385 0.028935
4 0.784615 0.597222 0.138462 0.032407
5 0.243269 0.625579 0.028846 0.024306
5 0.334615 0.623264 0.130769 0.028935
5 0.465385 0.623264 0.107692 0.028935
5 0.245192 0.658565 0.028846 0.025463
5 0.335577 0.656250 0.132692 0.030093
5 0.486538 0.656250 0.150000 0.030093
5 0.607692 0.658565 0.069231 0.030093
5 0.476923 0.720486 0.169231 0.028935
5 0.788462 0.727431 0.138462 0.033565
5 0.527885 0.754630 0.071154 0.027778
5 0.796154 0.760417 0.115385 0.034722
2 0.294231 0.824074 0.203846 0.046296
2 0.704808 0.835069 0.298077 0.063657
