3 0.259002 0.480442 0.080430 0.029350
3 0.350184 0.482495 0.080430 0.029350
3 0.431057 0.482306 0.059892 0.027526
5 0.259837 0.513560 0.043989 0.028910
5 0.340730 0.514160 0.096373 0.029543
5 0.249303 0.547604 0.021174 0.027058
5 0.395087 0.546631 0.135091 0.030011
4 0.746599 0.550664 0.121253 0.030912
5 0.301020 0.610869 0.171532 0.030451
5 0.746511 0.614562 0.122451 0.032489
2 0.437324 0.685732 0.199539 0.057592
2 0.747280 0.690274 0.135401 0.057584
5 0.249924 0.775549 0.090639 0.035700
5 0.748149 0.769922 0.122412 0.034080
5 0.276960 0.808738 0.147479 0.040317
5 0.748405 0.802653 0.123531 0.033277
