5 0.262443 0.347771 0.030521 0.028343
5 0.387572 0.349000 0.133667 0.028022
4 0.796897 0.348681 0.152706 0.030212
3 0.299000 0.380525 0.089017 0.026533
3 0.475160 0.379848 0.220690 0.028720
5 0.267613 0.410623 0.021033 0.028250
5 0.389143 0.413154 0.136122 0.030717
4 0.803243 0.411223 0.138411 0.028045
3 0.320023 0.443210 0.135631 0.028063
3 0.466895 0.443645 0.120957 0.027237
5 0.267384 0.475427 0.019805 0.026903
5 0.377326 0.475085 0.118627 0.026728
4 0.816675 0.476149 0.109987 0.029124
3 0.320980 0.507021 0.136101 0.027391
3 0.463994 0.505080 0.113504 0.027144
5 0.270776 0.538262 0.023280 0.024266
5 0.376980 0.537636 0.120129 0.028573
4 0.807612 0.538862 0.131295 0.027998
3 0.277905 0.570158 0.049814 0.026728
3 0.355812 0.569831 0.067206 0.026033
3 0.464961 0.569907 0.114669 0.027156
5 0.266447 0.601355 0.020970 0.026246
5 0.389839 0.601232 0.127716 0.027296
4 0.805094 0.600971 0.130109 0.027987
3 0.431481 0.635715 0.353274 0.036190
5 0.310901 0.702742 0.123412 0.030056
5 0.720681 0.702361 0.306956 0.033731
