5 0.212695 0.521588 0.031630 0.025582
3 0.295334 0.522392 0.102531 0.029502
4 0.758854 0.532118 0.139726 0.032631
5 0.214417 0.553322 0.031630 0.025582
3 0.307110 0.555494 0.122637 0.027714
3 0.430196 0.557245 0.099161 0.029423
4 0.758166 0.561532 0.135216 0.028536
5 0.333189 0.621705 0.189146 0.029433
5 0.760593 0.628372 0.139844 0.034892
2 0.274848 0.656610 0.082425 0.031289
2 0.758827 0.662288 0.139844 0.034892
5 0.330383 0.691868 0.197027 0.033973
5 0.814480 0.695285 0.031748 0.027843
5 0.282879 0.729240 0.106020 0.031842
5 0.761195 0.730258 0.138469 0.030718
5 0.302434 0.774975 0.150779 0.050957
5 0.773048 0.778076 0.127303 0.052665
5 0.403938 0.899599 0.035236 0.030183
5 0.488321 0.899312 0.102649 0.031763
5 0.140676 0.900223 0.129614 0.032394
5 0.261381 0.899089 0.084597 0.030930
5 0.614955 0.897751 0.031866 0.030104
5 0.682485 0.897069 0.079055 0.031210
