5 0.116898 0.520833 0.048611 0.032407
5 0.530671 0.519290 0.103009 0.033951
3 0.176505 0.559414 0.179398 0.033951
4 0.810185 0.557870 0.125000 0.035494
5 0.414931 0.597994 0.096065 0.033951
5 0.550926 0.597994 0.129630 0.032407
5 0.190394 0.638889 0.202546 0.035494
5 0.811343 0.636574 0.127315 0.035494
2 0.218171 0.677469 0.244213 0.035494
2 0.814815 0.675154 0.125000 0.035494
5 0.192708 0.716821 0.200231 0.035494
5 0.807292 0.714120 0.149306 0.039352
5 0.241898 0.753858 0.289352 0.032407
5 0.817130 0.751543 0.120370 0.033951
