3 0.060932 0.531155 0.057348 0.041033
3 0.184588 0.527356 0.172043 0.039514
3 0.334229 0.525836 0.109319 0.039514
5 0.526882 0.525836 0.021505 0.036474
5 0.632616 0.525836 0.093190 0.039514
4 0.821685 0.527356 0.116487 0.039514
3 0.114695 0.574468 0.157706 0.042553
3 0.234767 0.570669 0.071685 0.037994
5 0.527778 0.570669 0.019713 0.034954
5 0.663082 0.570669 0.021505 0.037994
4 0.862903 0.571429 0.023297 0.036474
5 0.576165 0.613982 0.130824 0.039514
5 0.842294 0.617781 0.064516 0.044073
5 0.490143 0.705927 0.109319 0.041033
5 0.597670 0.703647 0.091398 0.039514
5 0.824373 0.708967 0.114695 0.044073
2 0.586918 0.796353 0.112903 0.045593
2 0.825269 0.797872 0.109319 0.042553
5 0.587814 0.841945 0.111111 0.048632
5 0.823477 0.843465 0.116487 0.048632
5 0.567204 0.889818 0.148746 0.044073
5 0.829749 0.887538 0.111111 0.048632
5 0.503584 0.935410 0.100358 0.041033
5 0.589606 0.936170 0.075269 0.039514
