5 0.178384 0.588086 0.132727 0.036428
3 0.293485 0.587003 0.085357 0.035777
3 0.408526 0.588584 0.125960 0.036335
3 0.533778 0.587640 0.105659 0.036056
3 0.628518 0.588942 0.058289 0.035405
5 0.400873 0.628431 0.017568 0.029522
5 0.436430 0.627588 0.027659 0.026999
5 0.590472 0.625709 0.105659 0.036056
4 0.827322 0.628962 0.126078 0.041660
5 0.167385 0.702466 0.115809 0.036195
5 0.832406 0.704942 0.126019 0.038998
5 0.142814 0.742081 0.068439 0.035545
5 0.242630 0.743452 0.105777 0.041381
5 0.841671 0.745022 0.105718 0.038719
2 0.159711 0.819556 0.105659 0.036056
2 0.284933 0.819944 0.126019 0.038998
2 0.832375 0.820805 0.126116 0.040907
