5 0.185601 0.444080 0.029475 0.029132
3 0.282077 0.440636 0.137016 0.036309
3 0.420693 0.440123 0.120540 0.032536
3 0.542749 0.436593 0.100599 0.033158
4 0.795207 0.434025 0.130053 0.040583
2 0.307903 0.517581 0.202962 0.055991
2 0.746868 0.512050 0.252091 0.065311
5 0.254997 0.559221 0.087254 0.031662
5 0.801110 0.551226 0.153314 0.036666
5 0.335607 0.602294 0.238421 0.056906
5 0.751397 0.597380 0.255201 0.062955
5 0.267457 0.643273 0.097358 0.031940
5 0.380501 0.641100 0.066176 0.030086
5 0.824499 0.637806 0.108693 0.032178
