5 0.075809 0.380690 0.035775 0.023448
3 0.183986 0.378621 0.095400 0.023448
3 0.333901 0.380690 0.156729 0.019310
3 0.465928 0.378966 0.086882 0.014483
4 0.653322 0.380345 0.189097 0.020000
5 0.195060 0.399310 0.080068 0.017931
5 0.304940 0.400000 0.102215 0.019310
5 0.073254 0.420690 0.044293 0.020690
3 0.174617 0.421724 0.103918 0.022759
3 0.280239 0.421034 0.083475 0.022759
3 0.406303 0.422069 0.158433 0.023448
4 0.659284 0.424138 0.170358 0.023448
5 0.276831 0.443448 0.243612 0.016552
5 0.067291 0.468966 0.039182 0.024828
3 0.176320 0.464483 0.120954 0.020000
3 0.277683 0.464828 0.057922 0.024828
3 0.404600 0.466207 0.161840 0.023448
4 0.649063 0.464483 0.177172 0.021379
5 0.276831 0.486552 0.243612 0.017241
5 0.068143 0.511034 0.040886 0.016552
3 0.191652 0.509310 0.127768 0.017241
3 0.304089 0.508276 0.056218 0.017931
3 0.374787 0.509655 0.081772 0.022069
3 0.462521 0.510000 0.083475 0.024138
4 0.646508 0.508966 0.178876 0.022069
5 0.287053 0.533448 0.264055 0.018621
5 0.074106 0.553793 0.028961 0.019310
3 0.187394 0.553103 0.122658 0.020690
3 0.316014 0.554483 0.093697 0.017931
3 0.435264 0.553103 0.141397 0.023448
4 0.664395 0.554483 0.146508 0.020690
5 0.274276 0.576897 0.262351 0.020000
5 0.068143 0.598966 0.040886 0.022759
3 0.195911 0.596897 0.163543 0.017241
3 0.337308 0.598276 0.095400 0.024138
3 0.453152 0.598276 0.109029 0.018621
4 0.664395 0.597931 0.177172 0.026207
5 0.279387 0.619655 0.255537 0.017241
5 0.067291 0.644483 0.039182 0.017241
3 0.172913 0.641034 0.124361 0.020000
3 0.316865 0.639655 0.132879 0.022759
4 0.669506 0.641724 0.153322 0.024138
5 0.500852 0.644138 0.146508 0.022069
5 0.065588 0.664483 0.025554 0.020000
3 0.163543 0.665172 0.091993 0.021379
3 0.256388 0.665517 0.086882 0.019310
4 0.672913 0.665172 0.160136 0.020000
5 0.432709 0.664138 0.160136 0.022069
5 0.061329 0.687241 0.027257 0.015862
3 0.180579 0.688276 0.122658 0.016552
4 0.667802 0.687586 0.153322 0.022069
5 0.068995 0.707241 0.063032 0.022759
3 0.172061 0.712759 0.102215 0.020000
3 0.284497 0.710345 0.078365 0.019310
4 0.674617 0.710345 0.160136 0.020690
5 0.448041 0.709655 0.143101 0.023448
5 0.068995 0.734828 0.056218 0.025517
3 0.171210 0.730690 0.100511 0.020000
3 0.299830 0.730690 0.102215 0.024138
4 0.666951 0.732414 0.155026 0.022069
5 0.163543 0.777586 0.115843 0.024138
5 0.657581 0.777586 0.177172 0.022759
5 0.236797 0.804483 0.238501 0.021379
5 0.666951 0.802069 0.155026 0.020690
5 0.200170 0.823103 0.155026 0.017241
5 0.672913 0.825172 0.163543 0.024138
5 0.229131 0.846207 0.229983 0.024828
5 0.658433 0.848621 0.185690 0.020000
5 0.207836 0.872069 0.177172 0.020000
5 0.401193 0.870690 0.158433 0.024138
5 0.672061 0.869310 0.158433 0.024138
5 0.160988 0.893103 0.100511 0.020690
5 0.257240 0.892069 0.088586 0.020000
5 0.670358 0.895862 0.161840 0.022069
2 0.157581 0.921379 0.144804 0.035862
2 0.492334 0.923448 0.453152 0.041379
