3 0.254495 0.460694 0.149378 0.023371
3 0.369986 0.461402 0.073306 0.023371
5 0.061549 0.459278 0.017981 0.019122
4 0.681189 0.488669 0.123098 0.021246
3 0.216459 0.516289 0.081604 0.024079
3 0.327109 0.516289 0.136929 0.026912
3 0.426694 0.518414 0.059474 0.026912
5 0.058091 0.515581 0.019364 0.019830
4 0.650761 0.545680 0.181189 0.024788
3 0.208852 0.574008 0.069156 0.024788
3 0.311203 0.575425 0.127248 0.024788
3 0.409405 0.575425 0.058091 0.026204
5 0.054633 0.573654 0.020747 0.019830
4 0.653527 0.603045 0.181189 0.024788
5 0.272476 0.642705 0.157676 0.021955
5 0.654910 0.644122 0.181189 0.024788
5 0.273167 0.724504 0.164592 0.024079
5 0.705394 0.724858 0.082988 0.021955
2 0.248271 0.764873 0.123098 0.024079
2 0.631397 0.766997 0.222683 0.026912
5 0.190871 0.828258 0.154910 0.026204
5 0.656985 0.829320 0.185339 0.025496
5 0.180498 0.854816 0.136929 0.024079
5 0.704703 0.856232 0.084371 0.022663
5 0.188797 0.894122 0.029046 0.020538
5 0.278008 0.896246 0.130014 0.027620
