4 0.617846 0.201794 0.064894 0.033601
4 0.738491 0.204109 0.170762 0.038525
5 0.165708 0.183764 0.055930 0.032492
5 0.317511 0.188939 0.146757 0.032559
3 0.196022 0.219348 0.138341 0.034903
3 0.364263 0.224645 0.154068 0.034270
4 0.636868 0.268283 0.066760 0.031801
4 0.754092 0.271066 0.153066 0.037548
5 0.146850 0.252463 0.036317 0.032263
5 0.278037 0.257833 0.133975 0.033264
3 0.184030 0.288478 0.110884 0.033869
3 0.325265 0.293949 0.143383 0.030906
4 0.637680 0.336334 0.069602 0.035108
4 0.751527 0.339582 0.150198 0.035255
5 0.142183 0.323146 0.038286 0.031171
5 0.273396 0.327905 0.140790 0.034084
3 0.193587 0.362344 0.133479 0.037333
3 0.347663 0.363853 0.141337 0.030877
4 0.634759 0.405659 0.073131 0.031100
4 0.748105 0.407909 0.149677 0.035866
5 0.135263 0.394999 0.033868 0.032277
5 0.285936 0.399223 0.158563 0.034335
3 0.187853 0.431172 0.147253 0.035837
4 0.634770 0.476067 0.068687 0.030953
4 0.748180 0.476417 0.157979 0.035255
5 0.132792 0.466724 0.033449 0.034678
5 0.275576 0.469312 0.161027 0.031897
3 0.182489 0.502965 0.144778 0.035269
3 0.347386 0.504797 0.164556 0.034364
5 0.214438 0.539638 0.218937 0.034856
5 0.610510 0.544761 0.074552 0.029504
5 0.737161 0.545112 0.180702 0.033693
5 0.171395 0.613421 0.138469 0.032300
5 0.507589 0.617004 0.070656 0.033630
5 0.635516 0.617093 0.185197 0.037029
5 0.144640 0.652085 0.090217 0.035308
5 0.256394 0.652345 0.089799 0.036933
5 0.527759 0.654604 0.072128 0.034259
5 0.648519 0.654149 0.163502 0.035226
2 0.248437 0.774429 0.148751 0.040783
2 0.373131 0.815400 0.147279 0.038310
2 0.647689 0.814762 0.381224 0.040527
5 0.158547 0.849401 0.144308 0.034975
5 0.600794 0.853701 0.080648 0.037699
5 0.739264 0.854196 0.192560 0.035418
5 0.171183 0.888030 0.171944 0.038490
5 0.626105 0.892873 0.086461 0.033573
5 0.750045 0.891204 0.154641 0.038382
