5 0.124268 0.704565 0.167100 0.048002
3 0.290438 0.700097 0.132473 0.046972
3 0.426321 0.698309 0.111495 0.042900
5 0.796734 0.692340 0.168830 0.046420
5 0.404688 0.743857 0.028402 0.038411
5 0.619309 0.740953 0.159991 0.046838
5 0.126887 0.793228 0.090676 0.039405
5 0.230737 0.791721 0.090676 0.039405
5 0.370945 0.789211 0.087277 0.042514
5 0.478286 0.786177 0.052620 0.038797
5 0.608949 0.785098 0.184368 0.044562
5 0.124311 0.837497 0.094136 0.039460
5 0.248920 0.836322 0.135652 0.040123
5 0.382239 0.832120 0.069918 0.039073
5 0.480870 0.832112 0.052680 0.041961
5 0.622777 0.831212 0.163390 0.043729
5 0.123496 0.880212 0.177229 0.043950
3 0.248105 0.879037 0.052680 0.041961
3 0.332928 0.877226 0.090737 0.042569
3 0.440208 0.877356 0.090676 0.039405
4 0.871119 0.874739 0.031862 0.038466
5 0.173776 0.965680 0.031771 0.033720
5 0.261133 0.967074 0.106154 0.034907
2 0.536283 0.965928 0.113104 0.036600
2 0.804152 0.966253 0.164365 0.035846
