3 0.316667 0.403922 0.081818 0.018824
3 0.416667 0.405490 0.103030 0.023529
5 0.281818 0.445882 0.021212 0.021176
5 0.415152 0.447843 0.093939 0.020392
4 0.718939 0.448235 0.098485 0.019608
3 0.304545 0.490980 0.069697 0.018824
3 0.393939 0.491765 0.084848 0.020392
5 0.280303 0.532549 0.021212 0.023529
5 0.407576 0.532549 0.081818 0.023529
4 0.721212 0.532549 0.096970 0.018824
3 0.317424 0.574510 0.098485 0.021176
3 0.421212 0.575294 0.090909 0.021176
5 0.277273 0.618824 0.021212 0.020392
5 0.406061 0.618431 0.078788 0.018039
4 0.732576 0.618039 0.083333 0.018824
3 0.287879 0.659608 0.039394 0.014118
3 0.342424 0.659608 0.057576 0.014118
5 0.266667 0.696863 0.027273 0.019608
5 0.407576 0.694902 0.081818 0.015686
4 0.737879 0.697255 0.100000 0.017255
5 0.323485 0.738431 0.146970 0.021176
5 0.663636 0.740392 0.042424 0.021961
5 0.746212 0.739608 0.113636 0.020392
5 0.278030 0.762353 0.056061 0.021961
5 0.315909 0.762745 0.022727 0.024314
5 0.359091 0.761961 0.069697 0.022745
5 0.684091 0.763529 0.043939 0.022745
5 0.762879 0.763529 0.092424 0.021176
5 0.267424 0.786275 0.043939 0.021176
5 0.321970 0.787059 0.071212 0.024314
5 0.687879 0.787059 0.048485 0.024314
5 0.768182 0.785098 0.096970 0.020392
2 0.289394 0.834118 0.096970 0.022745
2 0.678788 0.834118 0.048485 0.022745
2 0.766667 0.831765 0.115152 0.021176
5 0.274242 0.886667 0.087879 0.024314
5 0.667424 0.886275 0.050000 0.028235
5 0.768939 0.885098 0.128788 0.024314
5 0.290909 0.916078 0.121212 0.025098
5 0.688636 0.914902 0.043939 0.027451
5 0.780303 0.912549 0.115152 0.022745
