5 0.100052 0.639169 0.039814 0.020178
5 0.157446 0.639318 0.043950 0.022849
3 0.287746 0.638576 0.119442 0.021365
3 0.396846 0.638576 0.077042 0.021365
4 0.768614 0.639763 0.199069 0.026706
5 0.164168 0.717656 0.172182 0.022849
5 0.791882 0.718249 0.156670 0.024036
2 0.134436 0.798665 0.116856 0.022849
2 0.775078 0.800000 0.198552 0.025519
5 0.153309 0.853264 0.154602 0.022849
5 0.285419 0.853264 0.083764 0.022849
5 0.385988 0.852671 0.094623 0.024036
5 0.766287 0.853858 0.216132 0.024036
5 0.154343 0.879674 0.152534 0.022849
5 0.311789 0.881157 0.135471 0.027596
5 0.777404 0.881899 0.200103 0.027300
