3 0.143029 0.474537 0.185096 0.026235
3 0.324519 0.472994 0.149038 0.026235
3 0.455529 0.472222 0.088942 0.024691
3 0.566106 0.471451 0.108173 0.026235
5 0.287260 0.508488 0.194712 0.029321
5 0.479567 0.506944 0.045673 0.023148
4 0.731971 0.506173 0.189904 0.027778
3 0.140625 0.541667 0.187500 0.026235
3 0.314904 0.540895 0.129808 0.026235
5 0.294471 0.577160 0.170673 0.027778
5 0.477163 0.574846 0.045673 0.023148
4 0.731971 0.574846 0.189904 0.029321
3 0.144231 0.613426 0.192308 0.026235
3 0.318510 0.611883 0.127404 0.026235
3 0.450721 0.610340 0.108173 0.026235
3 0.603365 0.608796 0.168269 0.026235
5 0.286058 0.645833 0.187500 0.029321
5 0.477163 0.643519 0.045673 0.024691
4 0.734375 0.644290 0.189904 0.029321
3 0.174880 0.680941 0.256010 0.030093
3 0.411659 0.678627 0.191106 0.028549
3 0.583534 0.677083 0.131010 0.028549
5 0.335938 0.716049 0.090144 0.033951
5 0.478365 0.714506 0.043269 0.024691
4 0.790865 0.715278 0.086538 0.029321
5 0.098558 0.787809 0.105769 0.026235
5 0.218750 0.787809 0.105769 0.026235
5 0.490385 0.786265 0.024038 0.023148
2 0.108173 0.858796 0.125000 0.026235
2 0.701923 0.855710 0.192308 0.029321
5 0.090144 0.892747 0.088942 0.026235
5 0.138221 0.929012 0.185096 0.024691
5 0.771635 0.922840 0.211538 0.027778
5 0.120793 0.962577 0.150240 0.028549
5 0.781250 0.955633 0.189904 0.033179
