5 0.115234 0.559947 0.035156 0.028986
3 0.205078 0.561265 0.089844 0.031621
3 0.324219 0.559947 0.132812 0.028986
3 0.453125 0.559947 0.109375 0.028986
4 0.824219 0.563900 0.125000 0.031621
5 0.491211 0.628458 0.189453 0.034256
5 0.808594 0.633729 0.132812 0.034256
5 0.542969 0.665349 0.085938 0.028986
5 0.816406 0.670619 0.109375 0.034256
2 0.466797 0.748353 0.152344 0.052701
2 0.817383 0.758235 0.181641 0.069829
5 0.560547 0.805007 0.113281 0.028986
5 0.839844 0.812912 0.132812 0.039526
5 0.520508 0.843874 0.158203 0.040843
5 0.822266 0.848485 0.136719 0.036891
