3 0.153165 0.429978 0.158322 0.035174
3 0.312374 0.419957 0.156208 0.034316
5 0.094382 0.472812 0.021323 0.026171
5 0.276496 0.462618 0.118324 0.036516
4 0.777689 0.446819 0.099479 0.029736
5 0.164512 0.526060 0.182822 0.037339
5 0.784721 0.499645 0.101632 0.028187
2 0.185060 0.603842 0.258746 0.040101
2 0.790769 0.578192 0.103940 0.029848
5 0.157983 0.666760 0.198593 0.036183
5 0.790149 0.634422 0.097248 0.029679
5 0.840721 0.686957 0.023554 0.026227
5 0.133772 0.732013 0.159788 0.032852
5 0.258002 0.726083 0.091632 0.033438
