3 0.354167 0.415463 0.453704 0.028887
5 0.142361 0.451997 0.020833 0.023789
5 0.231481 0.457094 0.027778 0.020391
5 0.326389 0.455820 0.118056 0.031436
4 0.839120 0.452846 0.118056 0.028887
5 0.130787 0.510620 0.085648 0.025489
5 0.238426 0.511470 0.125000 0.027188
5 0.841435 0.507647 0.120370 0.031436
2 0.221065 0.593033 0.270833 0.027188
2 0.845486 0.587086 0.123843 0.032285
5 0.176505 0.654206 0.188657 0.032285
5 0.848380 0.647409 0.120370 0.028887
5 0.167245 0.717502 0.174769 0.033135
5 0.300926 0.714528 0.083333 0.028887
5 0.862269 0.707732 0.099537 0.028887
