5 0.115979 0.443421 0.049828 0.034211
3 0.308419 0.443092 0.304124 0.037500
3 0.590206 0.443092 0.231959 0.036184
4 0.833333 0.480921 0.223368 0.035526
5 0.118557 0.519737 0.044674 0.035526
3 0.274055 0.520395 0.221649 0.036842
3 0.525773 0.517763 0.226804 0.038158
4 0.838488 0.553947 0.219931 0.036842
5 0.115979 0.598355 0.049828 0.033553
3 0.275773 0.596382 0.235395 0.037500
3 0.481959 0.594079 0.149485 0.036842
4 0.811856 0.593421 0.187285 0.035526
5 0.158076 0.634868 0.041237 0.032895
3 0.334192 0.631908 0.259450 0.037500
3 0.542955 0.629934 0.116838 0.037500
3 0.642612 0.630263 0.044674 0.035526
4 0.850515 0.629605 0.185567 0.036842
5 0.117698 0.672368 0.053265 0.031579
3 0.214777 0.669079 0.096220 0.036842
3 0.416667 0.666776 0.293814 0.036184
3 0.657216 0.666776 0.159794 0.037500
4 0.853952 0.704934 0.189003 0.040132
5 0.115979 0.745066 0.056701 0.034868
3 0.274914 0.741118 0.230241 0.038816
3 0.465636 0.738816 0.113402 0.035526
3 0.567010 0.739474 0.051546 0.034211
3 0.667526 0.740461 0.121993 0.038816
4 0.833333 0.779276 0.219931 0.037500
5 0.520619 0.813158 0.048110 0.034211
2 0.298969 0.854276 0.189003 0.037500
2 0.686426 0.893750 0.427835 0.045395
5 0.340206 0.929605 0.302405 0.038158
5 0.830756 0.935855 0.221649 0.038816
5 0.274914 0.966447 0.233677 0.036842
5 0.810137 0.975987 0.187285 0.038816
