5 0.124812 0.483462 0.023554 0.024756
3 0.211813 0.485524 0.112941 0.029900
3 0.327892 0.486760 0.090634 0.029371
4 0.760664 0.497018 0.126482 0.033246
5 0.214483 0.520457 0.023554 0.024756
5 0.299292 0.521710 0.108402 0.028280
5 0.379639 0.522856 0.028016 0.024862
5 0.471140 0.524267 0.126248 0.028703
5 0.584949 0.526207 0.068170 0.025814
5 0.217231 0.553876 0.023554 0.024756
5 0.277462 0.555304 0.068170 0.025814
5 0.337732 0.555974 0.027938 0.023348
5 0.429233 0.557385 0.126170 0.027189
5 0.540772 0.560029 0.063708 0.025708
5 0.217786 0.586485 0.023476 0.023242
5 0.299249 0.587658 0.106093 0.026713
5 0.399634 0.590037 0.065939 0.025761
5 0.221766 0.617659 0.021168 0.021675
5 0.279767 0.619034 0.065783 0.022733
5 0.409191 0.621343 0.164016 0.026574
5 0.538655 0.622896 0.061400 0.024141
5 0.615617 0.624720 0.063630 0.024194
5 0.223594 0.647266 0.023321 0.020214
5 0.311787 0.647840 0.123862 0.025622
5 0.419980 0.650405 0.059169 0.024088
5 0.496981 0.651472 0.061322 0.022627
5 0.575059 0.653322 0.061322 0.022627
5 0.447331 0.704874 0.155015 0.024848
5 0.728409 0.711536 0.115016 0.026924
5 0.492931 0.730212 0.061322 0.022627
5 0.733239 0.736666 0.098140 0.026523
2 0.269303 0.800715 0.194496 0.056031
2 0.668380 0.814722 0.235117 0.066068
