5 0.088542 0.521490 0.024306 0.031519
3 0.218750 0.517192 0.125000 0.034384
3 0.333333 0.514327 0.104167 0.034384
3 0.453125 0.510029 0.128472 0.037249
4 0.763889 0.505731 0.138889 0.040115
5 0.770833 0.574499 0.138889 0.040115
5 0.142361 0.587393 0.159722 0.037249
5 0.232639 0.587393 0.020833 0.031519
2 0.109375 0.620344 0.100694 0.034384
2 0.772569 0.608883 0.142361 0.040115
5 0.151910 0.655444 0.196181 0.044413
5 0.326389 0.651862 0.138889 0.040115
5 0.719618 0.651862 0.151042 0.040115
5 0.821181 0.648997 0.038194 0.034384
