3 0.178086 0.475240 0.096237 0.019532
3 0.267068 0.474577 0.063944 0.020742
3 0.432173 0.475077 0.057230 0.021462
3 0.526866 0.474948 0.095696 0.022469
5 0.225773 0.503592 0.212358 0.028365
5 0.430641 0.503317 0.055953 0.023770
5 0.617105 0.500165 0.099715 0.021881
5 0.170388 0.529344 0.097608 0.019532
5 0.611824 0.529124 0.120633 0.024378
4 0.169259 0.566109 0.098126 0.037345
4 0.428618 0.569871 0.056612 0.045439
4 0.601286 0.565409 0.140016 0.041633
5 0.164376 0.638053 0.097608 0.020319
5 0.427210 0.638365 0.057371 0.026105
5 0.602527 0.636194 0.143565 0.023990
5 0.181070 0.665314 0.135574 0.028436
5 0.427879 0.670114 0.057943 0.026119
5 0.635191 0.669479 0.087040 0.027176
