5 0.225593 0.458799 0.018826 0.023189
3 0.292956 0.457182 0.091864 0.027973
3 0.395656 0.454718 0.094072 0.028026
4 0.803335 0.448734 0.100775 0.029703
5 0.229267 0.487582 0.018826 0.023189
3 0.314298 0.485541 0.127201 0.028821
3 0.440189 0.482520 0.109532 0.028397
4 0.796043 0.479300 0.114027 0.030021
2 0.339855 0.553307 0.181442 0.054376
2 0.742090 0.548973 0.230108 0.057060
5 0.290908 0.590950 0.078612 0.027655
5 0.798129 0.585616 0.116235 0.030074
5 0.357079 0.631149 0.221274 0.056848
5 0.834367 0.624255 0.039706 0.043396
