3 0.191606 0.484018 0.091472 0.030437
3 0.313237 0.482367 0.117596 0.030701
4 0.793377 0.478666 0.141421 0.031377
5 0.170432 0.517123 0.052284 0.029272
5 0.568271 0.514675 0.134922 0.030494
3 0.194187 0.550032 0.094403 0.027956
3 0.280806 0.548655 0.053885 0.028125
3 0.382924 0.546675 0.119034 0.032186
4 0.790277 0.545812 0.142675 0.031727
5 0.172871 0.582293 0.052490 0.028881
5 0.556987 0.579622 0.114467 0.029912
3 0.218400 0.614514 0.134061 0.030866
3 0.338951 0.612130 0.074155 0.027959
3 0.414530 0.611717 0.049524 0.028477
4 0.790616 0.611949 0.137463 0.030859
5 0.435825 0.644478 0.092310 0.029500
5 0.558438 0.643671 0.109059 0.032491
5 0.326975 0.678592 0.355788 0.034328
5 0.788399 0.676425 0.140156 0.031323
5 0.187370 0.710647 0.071452 0.029815
5 0.277598 0.709913 0.069750 0.027244
5 0.799794 0.709380 0.122318 0.030754
2 0.210585 0.744080 0.114674 0.027983
2 0.788750 0.742752 0.137518 0.032397
5 0.242245 0.777182 0.178536 0.029822
5 0.782143 0.776084 0.159020 0.031083
5 0.223267 0.809890 0.137573 0.034677
5 0.787220 0.809303 0.139382 0.031681
