5 0.212963 0.242981 0.022222 0.019438
3 0.319907 0.245410 0.139815 0.026458
3 0.425000 0.248920 0.020370 0.018359
4 0.744444 0.252160 0.148148 0.020518
5 0.213889 0.264039 0.027778 0.020518
3 0.319907 0.266469 0.136111 0.024298
3 0.425000 0.269978 0.020370 0.019438
4 0.745370 0.272678 0.153704 0.020518
5 0.212963 0.286717 0.022222 0.020518
3 0.359722 0.289417 0.215741 0.026998
3 0.526852 0.294276 0.079630 0.020518
4 0.808333 0.293737 0.027778 0.019438
5 0.212963 0.342333 0.033333 0.036717
2 0.318981 0.343143 0.145370 0.043737
2 0.750000 0.347192 0.162963 0.039957
5 0.265741 0.401728 0.135185 0.021598
5 0.742593 0.402808 0.174074 0.021598
5 0.292593 0.469762 0.192593 0.021598
5 0.755556 0.470302 0.151852 0.022678
