3 0.345766 0.551325 0.075327 0.030296
3 0.437164 0.548155 0.090600 0.034399
4 0.704228 0.542708 0.095383 0.032002
5 0.355794 0.582061 0.140148 0.034247
5 0.694766 0.572155 0.099438 0.030619
5 0.697531 0.604196 0.129984 0.033340
5 0.327558 0.615258 0.062398 0.032491
5 0.398795 0.612742 0.058361 0.030951
5 0.333179 0.644923 0.115018 0.033950
5 0.724661 0.634350 0.068858 0.031665
2 0.313451 0.715086 0.100764 0.037609
2 0.718089 0.702001 0.107637 0.034574
5 0.317423 0.750162 0.090712 0.041361
5 0.738820 0.739957 0.110928 0.046250
