5 0.052849 0.448904 0.031161 0.027815
3 0.188193 0.450501 0.112485 0.033350
3 0.340454 0.452298 0.180157 0.034148
4 0.843909 0.452519 0.166601 0.039247
5 0.045344 0.477423 0.031220 0.030103
5 0.212772 0.481688 0.176714 0.031820
5 0.915072 0.481967 0.038046 0.032471
5 0.037721 0.510519 0.031279 0.032391
3 0.277866 0.516787 0.315559 0.038034
3 0.484323 0.516935 0.092243 0.035398
3 0.565559 0.516749 0.065115 0.032791
4 0.866757 0.518016 0.139672 0.038245
5 0.031789 0.543635 0.027955 0.034639
3 0.234804 0.546031 0.244504 0.037195
3 0.444585 0.548507 0.163298 0.036237
4 0.866702 0.552918 0.146329 0.042958
5 0.857302 0.622039 0.173567 0.040932
5 0.101102 0.611969 0.183658 0.038764
5 0.204301 0.613187 0.038046 0.032471
2 0.064688 0.645870 0.112485 0.033350
2 0.859800 0.656399 0.173626 0.043220
5 0.046414 0.683392 0.092828 0.048906
5 0.158513 0.682452 0.126078 0.035797
5 0.314217 0.682001 0.166918 0.045429
5 0.700421 0.700863 0.215655 0.049360
5 0.868769 0.702278 0.139731 0.040533
