3 0.270969 0.345129 0.083333 0.015625
3 0.361656 0.344363 0.100218 0.018995
3 0.470861 0.342065 0.118192 0.018689
5 0.241558 0.367034 0.016885 0.013480
5 0.371732 0.365962 0.087691 0.019301
4 0.758987 0.358609 0.090959 0.019301
5 0.231209 0.398438 0.059368 0.015625
5 0.305283 0.398438 0.088780 0.015625
5 0.760893 0.390472 0.089325 0.016850
2 0.293301 0.441789 0.191176 0.018382
2 0.760893 0.436887 0.090414 0.018382
5 0.260893 0.475031 0.130719 0.018076
5 0.759259 0.471814 0.092593 0.016544
5 0.255174 0.509344 0.119281 0.017463
5 0.346133 0.508732 0.062636 0.015625
5 0.759259 0.506127 0.092593 0.016544
