5 0.202976 0.532069 0.020833 0.020831
3 0.255392 0.530306 0.071764 0.028294
3 0.350132 0.529188 0.105600 0.028694
3 0.444843 0.526926 0.071705 0.026006
4 0.727460 0.527023 0.095449 0.028574
5 0.201963 0.558401 0.017509 0.023079
3 0.278094 0.557502 0.122518 0.028893
3 0.398181 0.554940 0.105541 0.026406
4 0.721402 0.554558 0.108983 0.028734
2 0.301741 0.621306 0.166977 0.047717
2 0.674053 0.621489 0.207580 0.048196
5 0.255227 0.655041 0.078472 0.026086
5 0.725722 0.656354 0.112426 0.031062
5 0.316245 0.691512 0.200289 0.046855
5 0.675972 0.695848 0.207639 0.050484
