5 0.237301 0.442166 0.021117 0.024748
3 0.316776 0.440282 0.116764 0.032403
4 0.865427 0.432678 0.116764 0.032403
5 0.238828 0.471837 0.021117 0.024748
3 0.305318 0.468911 0.100081 0.030061
3 0.420660 0.468202 0.115906 0.031033
4 0.866814 0.459652 0.116764 0.032403
5 0.238367 0.501556 0.025091 0.024842
3 0.297904 0.498794 0.080862 0.028858
3 0.407251 0.497552 0.116764 0.032403
4 0.868341 0.489323 0.116764 0.032403
5 0.351019 0.525892 0.192265 0.034193
5 0.470439 0.527113 0.024675 0.016750
5 0.913578 0.517959 0.021117 0.024748
5 0.334203 0.585706 0.152528 0.033251
5 0.866821 0.575782 0.128685 0.032686
5 0.284141 0.617951 0.049072 0.028104
5 0.329908 0.618217 0.021117 0.024748
5 0.876156 0.602567 0.112791 0.032309
2 0.310065 0.657847 0.105815 0.051002
2 0.872277 0.643170 0.133492 0.048964
5 0.238538 0.659543 0.034288 0.049307
