5 0.110072 0.392122 0.028347 0.019988
3 0.213209 0.394621 0.155006 0.023810
4 0.807600 0.394621 0.131484 0.022634
5 0.108866 0.412698 0.025935 0.018812
3 0.231303 0.414609 0.187575 0.022634
3 0.443607 0.413433 0.205669 0.020282
4 0.806393 0.415197 0.130277 0.023810
5 0.111580 0.431511 0.025332 0.018812
3 0.222557 0.434303 0.173703 0.024397
3 0.374246 0.433568 0.107961 0.019988
3 0.492159 0.435332 0.110977 0.022928
4 0.808806 0.435185 0.130277 0.023810
5 0.108866 0.452381 0.025935 0.017637
3 0.181242 0.452969 0.087455 0.018812
3 0.343185 0.455320 0.207479 0.024103
4 0.807600 0.454145 0.131484 0.021164
5 0.108866 0.471781 0.025935 0.018812
3 0.188782 0.474868 0.110977 0.023222
3 0.323884 0.473104 0.127865 0.021458
3 0.433353 0.472957 0.066948 0.018812
3 0.512967 0.472957 0.066948 0.018812
4 0.810314 0.474868 0.130881 0.022634
5 0.221049 0.512052 0.168275 0.021752
5 0.798552 0.513668 0.154403 0.022634
5 0.210796 0.531305 0.147768 0.020282
5 0.810314 0.533216 0.130881 0.021164
5 0.165561 0.550852 0.066948 0.018812
5 0.808806 0.554380 0.135103 0.024103
2 0.238842 0.589506 0.205066 0.024397
2 0.727986 0.593034 0.291918 0.026161
5 0.197226 0.631099 0.136309 0.025867
5 0.802774 0.633598 0.151990 0.023810
5 0.166767 0.650500 0.069361 0.019988
5 0.258444 0.650500 0.087455 0.019988
5 0.802473 0.655056 0.153800 0.024985
