3 0.185594 0.530595 0.074739 0.026524
3 0.324925 0.537168 0.156259 0.029494
4 0.676328 0.548477 0.151346 0.030868
3 0.209569 0.561758 0.125040 0.032011
3 0.360051 0.570605 0.128483 0.029969
4 0.677241 0.579172 0.149088 0.029299
5 0.319723 0.599050 0.204416 0.037141
5 0.674287 0.611222 0.156484 0.032477
5 0.255910 0.625163 0.078917 0.029546
5 0.358546 0.633370 0.074851 0.028015
5 0.684798 0.643015 0.135031 0.031696
2 0.245221 0.652798 0.055262 0.029314
2 0.576669 0.671980 0.335953 0.034608
5 0.270381 0.682881 0.101049 0.032487
5 0.672455 0.706880 0.158629 0.032555
5 0.249162 0.707535 0.054077 0.027784
5 0.673593 0.734592 0.151856 0.027846
