3 0.192005 0.630078 0.082569 0.022656
3 0.292923 0.630078 0.082569 0.021094
3 0.398427 0.631250 0.102228 0.025000
5 0.557012 0.630859 0.018349 0.021094
5 0.646789 0.632812 0.121887 0.028125
4 0.871560 0.632422 0.128440 0.027344
3 0.199214 0.663281 0.104849 0.025000
3 0.338794 0.664453 0.137615 0.021094
5 0.555701 0.664062 0.020970 0.021875
5 0.646789 0.667188 0.121887 0.026562
4 0.872215 0.664453 0.127130 0.030469
3 0.219528 0.696875 0.142857 0.021875
3 0.378113 0.698438 0.142857 0.023438
5 0.556356 0.699609 0.019659 0.024219
5 0.695937 0.698438 0.028834 0.023438
4 0.923984 0.696484 0.026212 0.022656
5 0.201180 0.731641 0.100917 0.024219
5 0.870904 0.734375 0.124509 0.026562
5 0.180865 0.763672 0.062910 0.022656
5 0.873526 0.767578 0.127130 0.027344
5 0.179554 0.797266 0.060288 0.022656
5 0.279161 0.796484 0.104849 0.022656
5 0.358453 0.798047 0.024902 0.025781
5 0.881389 0.800781 0.106160 0.026562
5 0.199214 0.830469 0.104849 0.023438
5 0.320446 0.831641 0.100917 0.024219
5 0.871560 0.834375 0.125819 0.028125
5 0.202490 0.864453 0.108781 0.024219
5 0.871560 0.868750 0.123198 0.028125
5 0.222805 0.896875 0.144168 0.026562
5 0.923329 0.900000 0.024902 0.023438
