3 0.305622 0.488082 0.094943 0.030942
3 0.401738 0.475471 0.091566 0.035489
5 0.359828 0.507372 0.018884 0.020527
5 0.517604 0.483600 0.077530 0.033114
4 0.680775 0.455997 0.081039 0.033708
3 0.300878 0.540695 0.058230 0.029849
3 0.355454 0.532192 0.043821 0.026079
5 0.370249 0.556689 0.020639 0.020824
5 0.528211 0.533616 0.083166 0.035401
4 0.695078 0.506118 0.082793 0.034005
5 0.324207 0.617748 0.087684 0.033499
5 0.399838 0.605683 0.055729 0.026760
5 0.594273 0.574981 0.018511 0.019131
5 0.314625 0.647098 0.047330 0.026672
5 0.375156 0.636858 0.070139 0.030531
5 0.718407 0.583170 0.084921 0.035698
5 0.329979 0.673690 0.074393 0.033917
5 0.403296 0.659827 0.070139 0.030531
5 0.729880 0.608959 0.072639 0.033620
2 0.337569 0.698676 0.071893 0.030828
2 0.410541 0.685237 0.068702 0.032180
2 0.734334 0.635935 0.084921 0.035698
