3 0.269852 0.483452 0.185572 0.026706
4 0.769310 0.485582 0.106788 0.028707
3 0.258304 0.515410 0.167727 0.029426
4 0.763929 0.519086 0.122626 0.030419
5 0.214554 0.548461 0.086475 0.028468
5 0.318396 0.548923 0.086514 0.029993
5 0.746174 0.550918 0.165509 0.030925
5 0.232852 0.583007 0.129397 0.030499
5 0.766729 0.585490 0.127180 0.031997
3 0.240439 0.617045 0.151658 0.029499
3 0.386629 0.616863 0.109084 0.030259
4 0.818922 0.618911 0.025497 0.026223
3 0.229951 0.651633 0.131654 0.030525
3 0.364865 0.650936 0.108794 0.029242
4 0.818055 0.652468 0.025497 0.026223
5 0.250486 0.686968 0.174537 0.031031
5 0.771425 0.688155 0.124515 0.031343
2 0.269348 0.721521 0.205845 0.031148
2 0.771083 0.722862 0.124923 0.031971
5 0.245882 0.755956 0.169714 0.029286
5 0.767960 0.756393 0.129436 0.032024
5 0.287918 0.789256 0.250965 0.029852
5 0.800987 0.788824 0.061648 0.028175
