5 0.251510 0.327373 0.040683 0.028245
5 0.331960 0.323324 0.098836 0.032592
4 0.677074 0.306280 0.148683 0.041001
3 0.268370 0.358157 0.082561 0.029769
3 0.348820 0.354109 0.063401 0.031303
3 0.456736 0.350182 0.137493 0.033998
5 0.251405 0.390172 0.043904 0.028363
5 0.322275 0.387594 0.082898 0.034242
4 0.681291 0.372288 0.144105 0.036469
3 0.277929 0.420605 0.098667 0.030355
3 0.269102 0.453446 0.082729 0.032006
3 0.339972 0.450867 0.044073 0.030599
4 0.684745 0.439444 0.147326 0.036587
5 0.269250 0.519601 0.079677 0.034125
5 0.341731 0.516963 0.044242 0.032836
5 0.633436 0.508592 0.105448 0.035063
5 0.250759 0.552793 0.050516 0.030834
5 0.297554 0.552212 0.021354 0.027542
5 0.623082 0.542610 0.131219 0.036001
5 0.288038 0.618718 0.121724 0.037885
5 0.734875 0.611430 0.073403 0.036127
5 0.277755 0.696466 0.102564 0.039419
5 0.363207 0.694478 0.047632 0.035190
5 0.278761 0.731191 0.105617 0.037299
5 0.675164 0.726279 0.201759 0.037578
