3 0.325231 0.323302 0.108796 0.020062
4 0.641782 0.317901 0.082176 0.023148
5 0.300926 0.344136 0.055556 0.018519
5 0.365741 0.343364 0.055556 0.020062
5 0.628472 0.338735 0.108796 0.020062
5 0.641204 0.358796 0.083333 0.020062
5 0.289352 0.383488 0.032407 0.016975
5 0.497685 0.381173 0.069444 0.018519
3 0.314815 0.402778 0.078704 0.018519
4 0.644676 0.395833 0.081019 0.016975
5 0.302083 0.422840 0.057870 0.018519
5 0.365741 0.422068 0.055556 0.020062
5 0.632523 0.412809 0.109954 0.021605
5 0.646991 0.432099 0.085648 0.018519
5 0.314815 0.441358 0.083333 0.018519
3 0.313657 0.461420 0.085648 0.018519
3 0.402778 0.459105 0.083333 0.020062
4 0.656250 0.452932 0.071759 0.020062
5 0.302083 0.482253 0.057870 0.020062
5 0.366898 0.480710 0.057870 0.020062
5 0.637731 0.472994 0.108796 0.020062
5 0.651620 0.493827 0.085648 0.021605
5 0.315972 0.502315 0.081019 0.020062
3 0.311921 0.522762 0.072917 0.022377
3 0.381944 0.521605 0.055556 0.018519
4 0.660301 0.514660 0.075231 0.023148
5 0.306713 0.543210 0.057870 0.018519
5 0.370370 0.542438 0.055556 0.020062
5 0.642361 0.536265 0.113426 0.020062
5 0.657407 0.557099 0.087963 0.021605
5 0.320602 0.564043 0.085648 0.020062
3 0.319444 0.585648 0.083333 0.020062
4 0.666667 0.579475 0.074074 0.020062
5 0.306713 0.606481 0.057870 0.018519
5 0.372685 0.605710 0.055556 0.020062
5 0.649306 0.601080 0.113426 0.020062
5 0.663194 0.621914 0.085648 0.021605
5 0.318287 0.625772 0.087963 0.023148
3 0.311343 0.647377 0.071759 0.020062
3 0.398148 0.647377 0.087963 0.020062
4 0.672454 0.645062 0.076389 0.021605
5 0.302083 0.668981 0.062500 0.020062
5 0.370370 0.668981 0.060185 0.020062
5 0.652778 0.668210 0.115741 0.021605
5 0.668981 0.689815 0.087963 0.021605
5 0.313657 0.690586 0.090278 0.020062
3 0.314815 0.712963 0.092593 0.021605
4 0.678241 0.712963 0.074074 0.021605
5 0.299769 0.737654 0.062500 0.021605
5 0.370370 0.736111 0.060185 0.021605
5 0.678241 0.758488 0.087963 0.023148
5 0.313079 0.760802 0.091435 0.024691
3 0.306713 0.785494 0.076389 0.021605
4 0.690972 0.782407 0.076389 0.021605
5 0.299769 0.810185 0.067130 0.023148
5 0.371528 0.808642 0.062500 0.021605
5 0.674769 0.805556 0.118056 0.021605
5 0.693287 0.830247 0.094907 0.024691
5 0.313657 0.834877 0.094907 0.026235
5 0.329282 0.860725 0.126157 0.027006
5 0.695602 0.856481 0.094907 0.024691
3 0.321181 0.888503 0.114583 0.028549
3 0.439236 0.883102 0.109954 0.028549
4 0.732639 0.881173 0.020833 0.021605
2 0.344329 0.913966 0.151620 0.031636
2 0.699074 0.907407 0.097222 0.021605
