3 0.149197 0.471933 0.194564 0.036274
3 0.316586 0.467926 0.113525 0.029817
5 0.305236 0.504419 0.173125 0.035761
5 0.480105 0.501364 0.047443 0.025977
4 0.737546 0.498597 0.173125 0.035761
3 0.152115 0.545437 0.199397 0.034131
3 0.326811 0.538991 0.133430 0.032552
3 0.455446 0.535912 0.107044 0.031921
3 0.551212 0.535883 0.067464 0.030973
5 0.304712 0.574610 0.174602 0.037982
5 0.480319 0.570406 0.047559 0.028238
4 0.738672 0.569632 0.168466 0.033955
3 0.173089 0.616811 0.243866 0.040771
3 0.348638 0.610911 0.090552 0.031526
5 0.305129 0.648739 0.174659 0.041374
5 0.482356 0.642799 0.050857 0.028317
4 0.740680 0.641143 0.175078 0.034372
3 0.185874 0.690099 0.261834 0.045688
3 0.419824 0.679386 0.186203 0.033816
3 0.574020 0.675694 0.105813 0.031429
5 0.349219 0.719561 0.094081 0.036127
5 0.484277 0.712932 0.047559 0.028238
4 0.784827 0.713660 0.094081 0.036127
5 0.114918 0.803837 0.118300 0.039953
5 0.237579 0.796939 0.107044 0.031921
5 0.497800 0.783919 0.027654 0.025503
2 0.126821 0.875994 0.134734 0.040347
2 0.697084 0.854986 0.191685 0.038499
5 0.110551 0.912605 0.098510 0.032696
5 0.160076 0.944811 0.193873 0.040638
5 0.775893 0.926694 0.196690 0.040681
5 0.144660 0.982533 0.152990 0.028504
5 0.778417 0.961136 0.195329 0.044152
