3 0.223375 0.461972 0.056859 0.026761
3 0.291516 0.461620 0.057762 0.021831
3 0.381318 0.460915 0.109206 0.021831
5 0.220217 0.487676 0.041516 0.021831
5 0.212545 0.514085 0.027978 0.021127
5 0.319495 0.513028 0.077617 0.021831
4 0.576715 0.514085 0.079422 0.019718
3 0.259477 0.550000 0.123646 0.023944
3 0.363267 0.549296 0.071300 0.022535
5 0.213899 0.577465 0.025271 0.021127
5 0.319043 0.575704 0.080325 0.021831
4 0.576715 0.576056 0.079422 0.021127
5 0.250903 0.628521 0.108303 0.023239
5 0.574458 0.629225 0.083935 0.021831
5 0.218412 0.655986 0.043321 0.021831
5 0.297834 0.656338 0.088448 0.026761
5 0.580776 0.654930 0.069495 0.021127
2 0.232852 0.708803 0.070397 0.026056
2 0.575361 0.707746 0.085740 0.023944
5 0.227437 0.761268 0.059567 0.026761
5 0.573556 0.759507 0.083935 0.024648
5 0.237365 0.789789 0.084838 0.023239
5 0.574910 0.786268 0.077617 0.023239
