3 0.279483 0.518608 0.181111 0.023520
3 0.418823 0.516198 0.086402 0.021915
5 0.394131 0.543232 0.102116 0.022587
5 0.519414 0.542516 0.036624 0.020286
4 0.744044 0.542154 0.102116 0.022587
3 0.256016 0.571606 0.151770 0.023174
3 0.384110 0.570856 0.088698 0.023442
3 0.529696 0.569518 0.183512 0.021532
5 0.391055 0.599044 0.106670 0.024168
5 0.520832 0.597511 0.036624 0.020286
4 0.747778 0.599414 0.106670 0.024168
3 0.273312 0.629470 0.208234 0.025368
3 0.413878 0.630483 0.059239 0.027608
3 0.497922 0.628344 0.088614 0.023955
5 0.430961 0.658170 0.025418 0.023208
5 0.521299 0.659394 0.038920 0.021840
4 0.795622 0.659974 0.023161 0.023181
5 0.200106 0.723550 0.093206 0.027063
5 0.305075 0.723074 0.090910 0.025509
5 0.530834 0.722699 0.023161 0.023181
2 0.202948 0.789989 0.108966 0.025722
2 0.732291 0.786792 0.111223 0.025749
5 0.190050 0.858907 0.097681 0.025589
5 0.291634 0.858471 0.084100 0.023901
5 0.808505 0.853128 0.118033 0.027357
