5 0.238798 0.421088 0.024248 0.022112
3 0.297433 0.419198 0.074023 0.021237
3 0.379923 0.418006 0.076089 0.023243
4 0.814057 0.412134 0.110784 0.026399
5 0.241892 0.442054 0.024181 0.020911
3 0.299527 0.441396 0.074169 0.023201
3 0.390730 0.439405 0.091450 0.023579
3 0.464686 0.438391 0.043515 0.023731
4 0.826818 0.434091 0.091517 0.024779
5 0.333521 0.482121 0.139451 0.024627
5 0.817644 0.476359 0.110717 0.025198
2 0.354535 0.565797 0.164479 0.026372
2 0.768643 0.562766 0.206854 0.029695
5 0.311627 0.606398 0.076022 0.022043
5 0.816558 0.603486 0.109891 0.024619
