5 0.218336 0.376133 0.025956 0.027709
3 0.290745 0.390704 0.104200 0.044775
3 0.372419 0.405980 0.063590 0.032493
4 0.803330 0.413627 0.121197 0.030125
5 0.220120 0.409850 0.017149 0.025904
4 0.808658 0.444125 0.118909 0.029418
3 0.290555 0.421733 0.104371 0.044107
3 0.445922 0.442277 0.203023 0.043619
3 0.616839 0.443939 0.118909 0.027887
2 0.332303 0.503626 0.199702 0.077968
2 0.757040 0.520401 0.245275 0.058484
5 0.283187 0.540021 0.082462 0.035512
5 0.811784 0.559762 0.138565 0.030913
5 0.350405 0.594395 0.226806 0.072663
5 0.765647 0.607461 0.249849 0.061311
