3 0.148299 0.334697 0.115154 0.033599
3 0.262727 0.333648 0.087428 0.033253
5 0.179449 0.372220 0.174291 0.034985
5 0.367522 0.372089 0.132482 0.033815
5 0.556492 0.370731 0.108162 0.031038
4 0.852868 0.371949 0.132543 0.036290
3 0.171580 0.410494 0.153557 0.032769
3 0.318035 0.411082 0.111688 0.033556
5 0.184535 0.447790 0.174351 0.032510
5 0.364841 0.446324 0.132763 0.033028
5 0.565075 0.445106 0.087368 0.030778
4 0.844122 0.446109 0.132543 0.036290
2 0.150663 0.521636 0.115093 0.031124
2 0.841501 0.517870 0.153497 0.035244
5 0.135863 0.559824 0.094360 0.033340
5 0.844866 0.557521 0.153337 0.036549
5 0.155689 0.599681 0.135948 0.033858
5 0.859493 0.597314 0.129077 0.036247
