5 0.267646 0.677979 0.019462 0.026032
3 0.423417 0.658073 0.280509 0.058869
4 0.735435 0.647409 0.088677 0.030039
5 0.270135 0.705011 0.017753 0.025955
3 0.370063 0.689495 0.170940 0.050830
3 0.511389 0.674884 0.104729 0.026679
4 0.733798 0.673679 0.088399 0.030658
5 0.274433 0.730100 0.019889 0.026052
3 0.318733 0.722498 0.066088 0.035959
3 0.386356 0.711064 0.066672 0.032074
4 0.735579 0.699451 0.088871 0.031771
5 0.276067 0.757171 0.019889 0.026052
3 0.321075 0.747314 0.063592 0.032973
3 0.379796 0.737206 0.053071 0.030379
4 0.733593 0.726686 0.085769 0.033429
5 0.351052 0.793184 0.120020 0.046546
5 0.725948 0.777604 0.098874 0.036632
5 0.348202 0.820439 0.106555 0.045866
5 0.738519 0.804911 0.077046 0.033934
5 0.323139 0.852266 0.052621 0.034986
5 0.730925 0.831676 0.088668 0.039498
2 0.372339 0.890187 0.137467 0.057903
2 0.681817 0.876663 0.183666 0.051558
5 0.467013 0.894245 0.030567 0.026538
5 0.344769 0.923419 0.081533 0.042065
5 0.414934 0.907770 0.059905 0.032837
5 0.645798 0.897451 0.076977 0.035983
5 0.709774 0.906822 0.056430 0.040329
5 0.757026 0.912842 0.034434 0.027083
