5 0.132264 0.368501 0.030050 0.027802
3 0.209041 0.369121 0.093246 0.028547
3 0.337710 0.368366 0.138425 0.030605
3 0.466358 0.366849 0.093285 0.030073
4 0.828635 0.363713 0.140662 0.037456
5 0.130834 0.400559 0.030050 0.027802
3 0.239734 0.399275 0.162962 0.031653
3 0.392685 0.398996 0.115895 0.031864
4 0.833432 0.396849 0.141830 0.036720
5 0.126039 0.433420 0.032268 0.026303
3 0.260389 0.434124 0.206174 0.032929
3 0.457331 0.432352 0.158369 0.031282
3 0.598433 0.432425 0.095213 0.032479
4 0.839387 0.430346 0.140800 0.035208
2 0.267185 0.515294 0.235915 0.058470
2 0.784000 0.514917 0.281482 0.065840
5 0.243117 0.573937 0.198326 0.058710
5 0.794584 0.575061 0.288332 0.068970
