3 0.179294 0.365419 0.089450 0.033885
3 0.278799 0.374870 0.111477 0.041881
5 0.345704 0.378485 0.026516 0.030769
5 0.413176 0.382195 0.103399 0.034746
4 0.580420 0.394168 0.100732 0.035839
3 0.199758 0.399160 0.135902 0.042127
3 0.327861 0.409930 0.133964 0.040842
5 0.404244 0.411884 0.028320 0.033243
4 0.576151 0.434129 0.104665 0.034650
5 0.190059 0.428255 0.114278 0.036509
5 0.158737 0.503557 0.079108 0.038587
5 0.244130 0.505443 0.096395 0.035170
5 0.564363 0.536469 0.106066 0.033748
5 0.165742 0.594681 0.103936 0.036933
5 0.556891 0.623451 0.109807 0.032750
5 0.194351 0.673763 0.192235 0.033255
5 0.588013 0.683943 0.032522 0.027871
