3 0.323739 0.571701 0.108505 0.033352
3 0.445021 0.579082 0.113625 0.037509
3 0.549495 0.583697 0.084471 0.037662
3 0.621056 0.590960 0.040099 0.033553
3 0.293014 0.602369 0.046773 0.033658
5 0.259629 0.568481 0.035227 0.031518
4 0.687561 0.595890 0.085660 0.031814
3 0.307751 0.635602 0.098560 0.036573
3 0.389180 0.637183 0.054670 0.031135
5 0.242128 0.630504 0.018725 0.026931
4 0.677940 0.657751 0.097371 0.034413
5 0.279669 0.695160 0.132292 0.038713
5 0.674068 0.723702 0.099866 0.033018
2 0.249556 0.726812 0.085130 0.036401
2 0.675028 0.756047 0.105763 0.035149
5 0.234715 0.760729 0.079646 0.037892
5 0.674311 0.792181 0.107317 0.036678
5 0.246891 0.797498 0.101997 0.039564
5 0.330221 0.802921 0.053976 0.038217
5 0.681308 0.827703 0.099419 0.039430
