5 0.178047 0.366415 0.024355 0.025424
3 0.236448 0.371208 0.075537 0.035535
3 0.321120 0.377783 0.090322 0.038112
3 0.460158 0.387317 0.177669 0.039192
4 0.745797 0.403776 0.120352 0.034497
5 0.174612 0.401422 0.020942 0.023084
3 0.231422 0.404479 0.075537 0.036665
3 0.319450 0.410548 0.087254 0.031447
3 0.438726 0.419063 0.144744 0.037272
4 0.744127 0.436562 0.120237 0.032236
5 0.172884 0.435338 0.020942 0.023084
3 0.244479 0.439316 0.111703 0.038664
3 0.353889 0.447594 0.087254 0.031447
4 0.740808 0.469307 0.117054 0.034418
5 0.243489 0.475513 0.020942 0.023084
5 0.322591 0.478538 0.107044 0.031921
5 0.396688 0.482576 0.030952 0.025582
5 0.482330 0.486890 0.123535 0.032315
5 0.584405 0.492729 0.064050 0.028633
5 0.241819 0.508298 0.021057 0.025345
5 0.355496 0.513283 0.182905 0.033737
5 0.525129 0.521872 0.140027 0.032710
5 0.635508 0.526778 0.064165 0.030894
5 0.236736 0.543266 0.020942 0.023084
5 0.294456 0.544648 0.070647 0.028791
5 0.419620 0.551040 0.163115 0.033263
5 0.543191 0.556262 0.060867 0.030815
5 0.615639 0.560260 0.067464 0.030973
5 0.233301 0.578273 0.024355 0.025424
5 0.319058 0.580326 0.130132 0.032473
5 0.445928 0.585627 0.107044 0.031921
5 0.576921 0.591592 0.141561 0.038323
5 0.228275 0.612110 0.024355 0.025424
5 0.316448 0.615353 0.131666 0.036956
5 0.421112 0.618990 0.067464 0.030973
5 0.500156 0.623146 0.067464 0.030973
5 0.575902 0.627223 0.067464 0.030973
5 0.443928 0.689715 0.166298 0.031081
5 0.717400 0.701921 0.140142 0.034971
5 0.494916 0.726024 0.067349 0.028712
5 0.733813 0.736271 0.123650 0.034576
2 0.258295 0.800726 0.217040 0.057137
2 0.665292 0.817260 0.280169 0.067681
