3 0.098380 0.357323 0.078704 0.031145
3 0.184028 0.359428 0.071759 0.025253
3 0.279514 0.363215 0.105324 0.027778
3 0.412616 0.366162 0.146991 0.030303
5 0.483796 0.392256 0.032407 0.023569
5 0.592593 0.390572 0.101852 0.026936
4 0.785880 0.387205 0.106481 0.026936
3 0.089120 0.413300 0.057870 0.025253
3 0.173032 0.416246 0.084491 0.029461
5 0.483796 0.420034 0.037037 0.025253
5 0.593750 0.419192 0.099537 0.026936
4 0.789352 0.415825 0.101852 0.026936
5 0.085069 0.470960 0.063657 0.027778
5 0.170718 0.473064 0.089120 0.028620
5 0.788773 0.473064 0.107639 0.030303
5 0.118634 0.501263 0.128472 0.027778
5 0.797454 0.503367 0.090278 0.026936
5 0.084491 0.530303 0.057870 0.026936
5 0.798611 0.531987 0.092593 0.026936
5 0.125000 0.560606 0.145833 0.030303
5 0.817130 0.561448 0.055556 0.025253
2 0.427083 0.617845 0.085648 0.026936
2 0.521991 0.618687 0.085648 0.025253
2 0.793981 0.622054 0.106481 0.028620
5 0.172454 0.680135 0.076389 0.026936
5 0.796296 0.682660 0.111111 0.028620
5 0.514468 0.768519 0.105324 0.030303
5 0.807870 0.776936 0.092593 0.028620
