5 0.059028 0.601080 0.020833 0.026235
3 0.203704 0.600309 0.240741 0.027778
3 0.398148 0.600309 0.120370 0.027778
4 0.873843 0.598765 0.113426 0.027778
5 0.086806 0.636574 0.043981 0.026235
5 0.104167 0.670525 0.083333 0.026235
5 0.122685 0.739969 0.162037 0.029321
5 0.875000 0.733025 0.115741 0.027778
2 0.093750 0.773920 0.101852 0.026235
2 0.876157 0.766975 0.113426 0.027778
5 0.090278 0.851080 0.097222 0.050926
5 0.876157 0.845679 0.127315 0.052469
5 0.141782 0.897377 0.190972 0.049383
5 0.874421 0.893133 0.133102 0.053241
