5 0.383288 0.341649 0.050048 0.015863
5 0.426211 0.342670 0.027478 0.015596
5 0.501820 0.341776 0.115501 0.016636
5 0.337473 0.359763 0.011640 0.013882
3 0.383167 0.358841 0.052704 0.016995
3 0.453728 0.359154 0.081646 0.016236
4 0.596483 0.357085 0.085031 0.021597
5 0.405636 0.376531 0.070361 0.016103
5 0.422997 0.393135 0.099702 0.016450
5 0.412145 0.410073 0.081646 0.016236
5 0.470827 0.409380 0.027478 0.015596
5 0.523866 0.408753 0.070361 0.016103
5 0.423864 0.426744 0.099702 0.016450
5 0.337442 0.446102 0.011600 0.012355
3 0.385928 0.444001 0.050048 0.015863
3 0.455895 0.443175 0.081646 0.016236
4 0.598066 0.440731 0.081685 0.017764
5 0.429244 0.460299 0.113244 0.016610
5 0.389052 0.477583 0.050048 0.015863
5 0.447734 0.476890 0.059076 0.015970
5 0.509761 0.474629 0.061333 0.015996
5 0.344404 0.497212 0.013897 0.013909
3 0.391742 0.494360 0.050048 0.015863
3 0.458868 0.492421 0.078221 0.018461
4 0.630964 0.490770 0.018411 0.013962
5 0.413617 0.510911 0.070361 0.016103
5 0.430978 0.527515 0.099702 0.016450
5 0.346892 0.549902 0.011600 0.012355
3 0.388568 0.546354 0.041020 0.015756
3 0.431411 0.544320 0.036506 0.015703
3 0.470869 0.542325 0.034249 0.015676
4 0.600685 0.542320 0.081724 0.019292
5 0.434675 0.561472 0.114274 0.023444
5 0.346689 0.585816 0.013897 0.013909
3 0.393414 0.581061 0.053414 0.019669
3 0.466103 0.576375 0.090615 0.020122
4 0.602126 0.575921 0.084224 0.018886
5 0.344846 0.601883 0.018450 0.015490
3 0.409646 0.597679 0.084972 0.023098
3 0.467694 0.594319 0.029735 0.015623
5 0.526357 0.592862 0.083942 0.017791
4 0.607648 0.593429 0.074914 0.017684
5 0.345319 0.620214 0.018450 0.015490
5 0.421364 0.614731 0.084972 0.022334
5 0.345791 0.638546 0.013857 0.012381
3 0.404909 0.632881 0.078162 0.023018
3 0.473639 0.627867 0.062382 0.022067
4 0.610771 0.627011 0.074914 0.017684
5 0.435763 0.647416 0.116511 0.022707
5 0.402361 0.665766 0.075924 0.019936
5 0.463221 0.661609 0.044366 0.018798
5 0.506649 0.660332 0.041059 0.017284
5 0.544998 0.659114 0.027478 0.015596
5 0.341410 0.687498 0.011600 0.012355
3 0.390391 0.682717 0.055631 0.018168
3 0.462546 0.679190 0.087249 0.022360
4 0.614309 0.676633 0.074954 0.019212
5 0.342991 0.705052 0.013897 0.013909
3 0.391438 0.701424 0.052344 0.017417
3 0.452852 0.697260 0.066956 0.021357
5 0.531253 0.695188 0.083942 0.017791
4 0.614762 0.694201 0.074914 0.017684
5 0.388525 0.719796 0.041059 0.017284
5 0.396878 0.737270 0.052384 0.018945
5 0.456055 0.733897 0.066956 0.021357
5 0.617351 0.728553 0.097766 0.018726
5 0.397288 0.774704 0.055671 0.020459
5 0.613169 0.763749 0.086238 0.019345
5 0.424786 0.790807 0.109760 0.026446
5 0.619284 0.782014 0.074954 0.019212
5 0.408351 0.810109 0.080419 0.024559
5 0.620846 0.798805 0.072697 0.019185
5 0.418960 0.827550 0.100732 0.026340
5 0.614528 0.816453 0.086199 0.017817
5 0.621752 0.833941 0.077210 0.019238
5 0.391834 0.848118 0.041059 0.017284
5 0.497595 0.856795 0.078162 0.025269
5 0.622205 0.851509 0.077171 0.017711
5 0.413145 0.864676 0.091763 0.023941
2 0.406975 0.888052 0.078477 0.029128
2 0.567549 0.876987 0.167589 0.040848
