5 0.235108 0.439832 0.015684 0.020244
3 0.316679 0.442248 0.128213 0.027459
3 0.429822 0.445417 0.088482 0.023948
4 0.666600 0.445282 0.087705 0.025995
5 0.234996 0.464396 0.015684 0.020244
3 0.295928 0.465786 0.087095 0.027037
3 0.388965 0.468773 0.089389 0.027151
3 0.462669 0.469160 0.048110 0.025100
3 0.539321 0.468875 0.100286 0.023002
4 0.666051 0.469031 0.091096 0.024137
5 0.232591 0.488846 0.015684 0.020244
3 0.287789 0.489952 0.075629 0.026467
3 0.366598 0.491003 0.077145 0.024307
3 0.435038 0.492356 0.048110 0.025100
3 0.499570 0.491909 0.073913 0.023419
4 0.665350 0.493538 0.089918 0.024251
2 0.317309 0.547110 0.138325 0.041126
2 0.626669 0.550623 0.168209 0.040277
5 0.275690 0.577801 0.059576 0.025670
5 0.660840 0.580972 0.102322 0.025447
5 0.327148 0.611071 0.170334 0.039936
5 0.626353 0.614886 0.170751 0.044352
