3 0.129513 0.490966 0.055054 0.034564
3 0.219314 0.490573 0.093863 0.036921
5 0.377708 0.490573 0.134477 0.035350
5 0.203069 0.526709 0.014440 0.030636
5 0.380415 0.527494 0.107401 0.036921
5 0.509928 0.522781 0.070397 0.033778
4 0.726534 0.521603 0.111913 0.040848
2 0.152076 0.599764 0.096570 0.033778
2 0.272563 0.597800 0.128159 0.036135
2 0.727437 0.592302 0.111913 0.037706
5 0.178700 0.636292 0.151625 0.037706
5 0.769404 0.624902 0.022563 0.032207
5 0.152527 0.672427 0.102888 0.037706
5 0.727888 0.662608 0.111011 0.036921
5 0.146209 0.710134 0.081227 0.036135
5 0.257220 0.705420 0.131769 0.037706
5 0.771661 0.696386 0.025271 0.030636
