5 0.320924 0.568920 0.016628 0.017389
5 0.466357 0.572323 0.072364 0.022494
4 0.720188 0.576952 0.077425 0.024317
3 0.282958 0.605746 0.131905 0.023364
3 0.377736 0.607133 0.054427 0.018962
3 0.451620 0.608649 0.090118 0.021935
3 0.532425 0.610700 0.070308 0.021650
5 0.315524 0.646680 0.011211 0.021489
5 0.493582 0.650080 0.018719 0.018308
4 0.751602 0.655599 0.018364 0.019502
5 0.291326 0.693504 0.150269 0.023678
5 0.720044 0.742343 0.073810 0.021695
5 0.694416 0.699998 0.018773 0.020615
5 0.734165 0.701267 0.055464 0.021444
5 0.513680 0.738018 0.036153 0.023717
5 0.511324 0.777938 0.033006 0.019377
5 0.413293 0.775210 0.122323 0.021556
5 0.747728 0.783993 0.016734 0.020855
5 0.511480 0.819853 0.035098 0.021444
5 0.414886 0.818611 0.122323 0.024118
5 0.746883 0.824795 0.016717 0.019996
2 0.509000 0.865546 0.034097 0.022828
2 0.444057 0.863757 0.059132 0.023158
2 0.715417 0.867294 0.073828 0.022554
5 0.507449 0.906077 0.038748 0.019711
5 0.437865 0.904112 0.070735 0.019756
5 0.715090 0.907673 0.076886 0.022599
5 0.506755 0.949289 0.039175 0.020905
5 0.420946 0.946748 0.105980 0.023878
5 0.740988 0.951576 0.018346 0.020630
