5 0.140875 0.487494 0.074540 0.032546
5 0.071346 0.483457 0.048605 0.026751
3 0.287811 0.496780 0.119665 0.026425
3 0.403247 0.495324 0.080117 0.027488
4 0.759861 0.494908 0.191232 0.028034
5 0.158301 0.519182 0.115252 0.041455
5 0.126417 0.545603 0.048762 0.029768
5 0.234565 0.555910 0.148976 0.037490
5 0.121998 0.612162 0.194883 0.040883
5 0.786270 0.612475 0.207528 0.030518
2 0.076273 0.718216 0.134881 0.039288
2 0.819515 0.709870 0.231894 0.044516
5 0.099008 0.798487 0.167440 0.036911
5 0.250191 0.801732 0.098517 0.035452
5 0.375193 0.800317 0.114273 0.035821
5 0.854198 0.780787 0.208496 0.042480
5 0.098396 0.840401 0.161813 0.034753
5 0.281051 0.842168 0.168684 0.039226
5 0.851295 0.822025 0.243542 0.047042
