5 0.210938 0.484663 0.015625 0.028046
3 0.335938 0.485101 0.061458 0.028922
3 0.421875 0.484224 0.089583 0.025416
3 0.514062 0.483348 0.076042 0.028922
4 0.769271 0.480280 0.094792 0.029798
5 0.306250 0.514899 0.093750 0.027169
5 0.770833 0.509641 0.091667 0.028922
5 0.282813 0.544259 0.042708 0.026293
5 0.345313 0.543821 0.046875 0.028922
5 0.780208 0.539439 0.077083 0.028922
2 0.334896 0.613935 0.153125 0.049956
2 0.733333 0.610429 0.187500 0.055215
5 0.306250 0.664330 0.097917 0.054338
5 0.451562 0.663015 0.155208 0.056968
5 0.735938 0.661700 0.192708 0.061350
