5 0.134250 0.573453 0.024394 0.027735
3 0.250285 0.569101 0.176929 0.034551
3 0.405202 0.566352 0.112426 0.031062
4 0.757153 0.568217 0.132846 0.035877
5 0.133305 0.610061 0.024394 0.027735
3 0.207001 0.606925 0.095694 0.034405
3 0.302661 0.605194 0.071882 0.032870
4 0.766359 0.604945 0.112544 0.035638
5 0.132330 0.647812 0.031220 0.030103
3 0.217898 0.644245 0.119379 0.035270
3 0.322017 0.642041 0.071882 0.032870
3 0.403312 0.639567 0.071823 0.030582
4 0.760339 0.641493 0.136229 0.035917
5 0.451404 0.709940 0.173516 0.034591
5 0.761832 0.714748 0.136229 0.035917
5 0.503765 0.747177 0.068498 0.032830
5 0.771038 0.751476 0.115928 0.035678
2 0.261822 0.843306 0.220532 0.062751
2 0.701152 0.836476 0.258688 0.062523
