3 0.296845 0.634232 0.143618 0.027519
3 0.425615 0.636635 0.103627 0.024649
3 0.516965 0.637685 0.068778 0.021896
3 0.596261 0.639800 0.083861 0.020948
5 0.367237 0.660047 0.118823 0.025198
5 0.483496 0.662748 0.031758 0.019065
4 0.637803 0.666073 0.118709 0.023701
3 0.298975 0.684603 0.157900 0.026610
3 0.441828 0.687891 0.119681 0.025907
3 0.539205 0.688782 0.068664 0.020399
5 0.394219 0.713193 0.058165 0.022703
5 0.480656 0.714440 0.029701 0.020484
4 0.666441 0.718903 0.058037 0.023001
3 0.274256 0.737757 0.120994 0.025276
3 0.381945 0.738647 0.084088 0.023942
3 0.486834 0.740935 0.119966 0.022321
3 0.621890 0.746568 0.138248 0.024407
5 0.359216 0.765599 0.123279 0.026852
5 0.477702 0.767630 0.031758 0.019065
4 0.632609 0.770600 0.120022 0.023070
5 0.243317 0.815458 0.070949 0.021974
5 0.318214 0.818165 0.068778 0.021896
5 0.482347 0.821094 0.018847 0.020091
2 0.247047 0.866637 0.081804 0.022367
2 0.605592 0.875092 0.121108 0.026773
5 0.233343 0.889412 0.057810 0.020006
5 0.264030 0.915292 0.118709 0.023701
5 0.653284 0.927860 0.121852 0.026734
5 0.248527 0.940254 0.093516 0.024217
5 0.659320 0.955852 0.110140 0.024884
