5 0.089180 0.624838 0.021403 0.038810
3 0.217598 0.624838 0.092747 0.038810
3 0.347206 0.624838 0.156956 0.041397
4 0.870392 0.632600 0.135553 0.046572
5 0.089180 0.667529 0.021403 0.041397
5 0.268728 0.670116 0.156956 0.056921
5 0.932224 0.675291 0.028537 0.041397
5 0.155767 0.750323 0.154578 0.041397
5 0.243757 0.751617 0.021403 0.038810
5 0.869203 0.761966 0.135553 0.043984
2 0.136742 0.790427 0.107015 0.038810
2 0.866825 0.802070 0.135553 0.041397
5 0.148633 0.829237 0.121284 0.038810
5 0.271106 0.829237 0.104637 0.038810
5 0.863853 0.842173 0.136742 0.046572
