5 0.177570 0.476080 0.014019 0.016975
3 0.283879 0.473765 0.154206 0.020062
3 0.439252 0.473765 0.107477 0.018519
4 0.852220 0.474537 0.113318 0.023148
5 0.174065 0.496142 0.016355 0.016975
3 0.250000 0.494599 0.088785 0.020062
3 0.384930 0.494985 0.136682 0.022377
3 0.537383 0.494599 0.130841 0.020062
4 0.844626 0.496142 0.133178 0.020062
5 0.170561 0.516975 0.014019 0.018519
3 0.247664 0.515432 0.088785 0.021605
3 0.371495 0.515432 0.112150 0.021605
4 0.846963 0.517747 0.133178 0.020062
5 0.168224 0.538580 0.014019 0.018519
3 0.247079 0.538580 0.094626 0.023148
3 0.380257 0.537809 0.136682 0.024691
3 0.537383 0.537809 0.130841 0.020062
3 0.682243 0.538580 0.112150 0.021605
4 0.848131 0.538580 0.135514 0.021605
5 0.165888 0.560185 0.014019 0.018519
3 0.279206 0.559414 0.163551 0.021605
4 0.849299 0.560185 0.135514 0.020062
5 0.162383 0.581790 0.025701 0.021605
3 0.232477 0.581790 0.072430 0.021605
3 0.345794 0.581790 0.112150 0.021605
3 0.483061 0.582176 0.120327 0.025463
4 0.851636 0.582562 0.135514 0.021605
5 0.158879 0.605710 0.018692 0.020062
3 0.230140 0.604938 0.072430 0.021605
3 0.356308 0.604938 0.137850 0.021605
3 0.495327 0.604938 0.093458 0.021605
4 0.855140 0.606481 0.137850 0.021605
5 0.283879 0.652006 0.189252 0.023148
5 0.848131 0.652006 0.163551 0.023148
5 0.269860 0.675926 0.119159 0.021605
5 0.424065 0.675154 0.142523 0.023148
5 0.540888 0.674383 0.049065 0.021605
5 0.864486 0.675154 0.135514 0.023148
5 0.244159 0.701389 0.121495 0.023148
5 0.375000 0.699846 0.095794 0.023148
5 0.485981 0.699846 0.070093 0.023148
5 0.864486 0.698302 0.140187 0.023148
2 0.855724 0.733410 0.176402 0.048611
5 0.144860 0.736883 0.028037 0.038580
5 0.242991 0.736883 0.130841 0.047840
