5 0.144428 0.469307 0.018900 0.025373
3 0.244869 0.468100 0.101079 0.026361
3 0.317997 0.470366 0.028031 0.025483
4 0.783799 0.469484 0.119421 0.029725
5 0.140579 0.497660 0.018900 0.025373
3 0.249010 0.496356 0.120349 0.033186
3 0.389400 0.494669 0.151459 0.033253
4 0.784516 0.497782 0.119421 0.029725
5 0.139014 0.525985 0.023465 0.025428
3 0.237172 0.524805 0.101238 0.032649
3 0.358159 0.523351 0.133197 0.033033
4 0.785233 0.526080 0.119421 0.029725
5 0.199800 0.581867 0.169721 0.033472
5 0.779859 0.584329 0.142328 0.033143
5 0.180012 0.611983 0.137683 0.029944
5 0.310169 0.611991 0.124066 0.032924
5 0.798918 0.615551 0.105804 0.032704
5 0.146528 0.642264 0.078411 0.032375
5 0.228787 0.644421 0.069280 0.032265
5 0.790544 0.645531 0.124145 0.036068
2 0.508917 0.705529 0.105883 0.035848
2 0.784089 0.706152 0.147702 0.037573
5 0.138222 0.765024 0.082976 0.032430
5 0.784601 0.771407 0.142408 0.036287
5 0.164169 0.797736 0.142408 0.036287
5 0.842547 0.805307 0.028110 0.028627
