5 0.218926 0.461872 0.017927 0.019593
3 0.266438 0.432707 0.039890 0.035222
3 0.311485 0.407505 0.063198 0.049529
3 0.349808 0.381531 0.030925 0.029719
4 0.492458 0.285396 0.062974 0.052501
5 0.229456 0.482346 0.017927 0.019593
3 0.282235 0.448724 0.049078 0.038853
4 0.510048 0.300312 0.056026 0.045127
5 0.389021 0.433379 0.039890 0.035222
5 0.427345 0.407405 0.054233 0.044026
5 0.531054 0.338234 0.063534 0.053382
5 0.412995 0.479887 0.067232 0.054042
5 0.455913 0.452317 0.031598 0.029058
5 0.475972 0.438780 0.015687 0.016070
5 0.571333 0.374122 0.058268 0.050300
2 0.490645 0.497120 0.057147 0.046888
2 0.601695 0.413035 0.079332 0.068021
5 0.508123 0.510881 0.051768 0.043586
5 0.620517 0.435767 0.071266 0.058665
5 0.522573 0.561570 0.080231 0.065048
5 0.657266 0.471984 0.065215 0.054923
5 0.426638 0.762939 0.027787 0.029940
5 0.468548 0.734764 0.074403 0.058554
