3 0.307364 0.379228 0.035937 0.022384
3 0.341556 0.382756 0.014124 0.017068
3 0.375862 0.384775 0.035937 0.022384
4 0.706197 0.402230 0.083072 0.022615
5 0.229089 0.374834 0.012089 0.018497
3 0.331843 0.404333 0.090532 0.027338
3 0.400849 0.410654 0.033677 0.020796
4 0.719654 0.423902 0.044415 0.021192
5 0.227289 0.398970 0.012089 0.018497
5 0.454893 0.458401 0.049615 0.023494
5 0.520847 0.461963 0.070186 0.022140
5 0.700002 0.470827 0.081037 0.024044
5 0.440560 0.527833 0.087479 0.024281
5 0.510301 0.531157 0.033677 0.020796
5 0.541441 0.532303 0.018419 0.017226
5 0.703246 0.542797 0.072559 0.025236
2 0.507496 0.597610 0.072334 0.022219
2 0.693120 0.599149 0.095896 0.040993
5 0.513493 0.618251 0.061708 0.023333
5 0.693016 0.629398 0.092736 0.027417
5 0.489489 0.665773 0.098217 0.024677
5 0.692043 0.678523 0.091887 0.025948
5 0.246051 0.753620 0.020679 0.018814
5 0.304885 0.758812 0.087479 0.024281
