5 0.243231 0.466667 0.020758 0.025806
3 0.281588 0.468100 0.032491 0.025806
3 0.340704 0.468100 0.062274 0.024373
4 0.775722 0.472043 0.109206 0.030824
5 0.496841 0.536201 0.120036 0.028674
5 0.776173 0.540860 0.106498 0.029391
5 0.526625 0.572043 0.056859 0.025806
5 0.785650 0.575627 0.089350 0.030108
2 0.509025 0.613262 0.097473 0.027957
2 0.759928 0.616487 0.135379 0.030108
5 0.504513 0.647670 0.104693 0.027957
5 0.760830 0.650896 0.133574 0.031541
5 0.336643 0.683513 0.090253 0.032258
5 0.475632 0.682796 0.160650 0.027957
5 0.765794 0.686738 0.125451 0.031541
5 0.436823 0.715054 0.077617 0.026523
5 0.520307 0.715054 0.069495 0.026523
5 0.822653 0.718280 0.013538 0.025806
5 0.453971 0.749104 0.077617 0.027240
5 0.530235 0.752688 0.053249 0.031541
5 0.824007 0.753405 0.018051 0.025806
