5 0.309259 0.614583 0.011111 0.015278
5 0.327778 0.615972 0.018519 0.015278
3 0.350926 0.615278 0.027778 0.019444
3 0.394444 0.615972 0.055556 0.018056
3 0.437037 0.617361 0.025926 0.018056
3 0.472222 0.616667 0.033333 0.016667
3 0.531481 0.615278 0.077778 0.019444
4 0.762963 0.604167 0.070370 0.025000
5 0.375000 0.641667 0.072222 0.019444
5 0.449074 0.640972 0.068519 0.018056
5 0.513889 0.640278 0.057407 0.019444
5 0.572222 0.638889 0.051852 0.019444
5 0.768981 0.629167 0.060185 0.023611
5 0.790741 0.652778 0.018519 0.019444
5 0.356481 0.665278 0.035185 0.019444
5 0.400000 0.665278 0.048148 0.019444
5 0.281481 0.715972 0.037037 0.020833
5 0.329630 0.715278 0.051852 0.019444
5 0.766667 0.706944 0.072222 0.023611
2 0.290741 0.767361 0.055556 0.020833
2 0.350000 0.765972 0.055556 0.020833
2 0.770370 0.759028 0.066667 0.020833
5 0.290741 0.793750 0.055556 0.020833
5 0.350000 0.791667 0.055556 0.019444
5 0.796296 0.784028 0.014815 0.020833
5 0.287037 0.818750 0.048148 0.018056
5 0.770370 0.810417 0.066667 0.020833
5 0.295370 0.843750 0.064815 0.020833
5 0.771296 0.836806 0.064815 0.020833
