3 0.193324 0.253953 0.071666 0.010905
3 0.284227 0.255078 0.103203 0.011658
5 0.467050 0.258382 0.055541 0.010528
5 0.619054 0.262499 0.119209 0.013060
4 0.843805 0.266797 0.119328 0.013060
3 0.190414 0.288875 0.078237 0.011066
3 0.291412 0.291269 0.122074 0.018246
3 0.215925 0.304403 0.137604 0.015543
3 0.332750 0.307686 0.090061 0.015440
5 0.466291 0.294384 0.058049 0.012634
5 0.623727 0.297582 0.106791 0.014844
4 0.848840 0.302421 0.110488 0.015924
3 0.212778 0.341378 0.144175 0.013652
5 0.458015 0.346161 0.062469 0.011716
5 0.618201 0.348413 0.110488 0.015924
4 0.839666 0.352118 0.122193 0.019272
3 0.188005 0.368578 0.105830 0.014790
3 0.303755 0.371321 0.124224 0.017273
5 0.458208 0.373953 0.060437 0.013715
5 0.613914 0.375584 0.107861 0.012791
4 0.845414 0.381071 0.117178 0.012899
3 0.275102 0.407678 0.104402 0.012738
3 0.180804 0.420895 0.103322 0.012684
5 0.450997 0.411306 0.056740 0.010528
5 0.612858 0.414153 0.105948 0.015817
4 0.843343 0.418586 0.112757 0.015978
3 0.289096 0.446056 0.077167 0.016144
3 0.184346 0.459057 0.133303 0.017488
5 0.447196 0.449335 0.057464 0.014741
5 0.610608 0.453208 0.110726 0.017977
4 0.842346 0.456641 0.110250 0.013872
3 0.157240 0.476427 0.082896 0.011173
3 0.245814 0.478524 0.092093 0.013441
3 0.331405 0.479542 0.077167 0.015171
3 0.163578 0.490984 0.107980 0.013818
3 0.322034 0.493209 0.083976 0.012254
5 0.433949 0.480909 0.074897 0.013065
5 0.605131 0.485510 0.111211 0.012899
4 0.834838 0.491456 0.130795 0.014356
3 0.139459 0.512539 0.078356 0.012092
3 0.238365 0.514657 0.112757 0.013342
3 0.138750 0.528474 0.080983 0.013172
3 0.241120 0.528815 0.080983 0.013119
5 0.433612 0.517425 0.058168 0.013607
5 0.592846 0.520731 0.127217 0.016355
4 0.837424 0.528566 0.132361 0.016516
3 0.142521 0.551161 0.109060 0.013818
3 0.227156 0.551153 0.058287 0.012634
3 0.307727 0.554088 0.097108 0.017654
3 0.134230 0.567502 0.108218 0.013764
5 0.425509 0.557912 0.056017 0.014633
5 0.595789 0.561973 0.114908 0.015978
4 0.845328 0.568376 0.119685 0.017166
3 0.131554 0.590055 0.126494 0.016193
3 0.255307 0.593526 0.124105 0.017220
5 0.419735 0.597885 0.062826 0.014741
5 0.594317 0.602540 0.112876 0.014898
4 0.835971 0.609295 0.133184 0.015382
3 0.126851 0.621331 0.128526 0.015328
5 0.415805 0.629189 0.059010 0.015767
5 0.588177 0.633790 0.118020 0.016139
4 0.838077 0.640760 0.126375 0.016301
3 0.122088 0.652608 0.139755 0.016624
3 0.223026 0.655541 0.064976 0.013768
3 0.297983 0.656776 0.087554 0.013334
5 0.411226 0.661518 0.060556 0.014741
5 0.586942 0.666713 0.122193 0.018246
4 0.840064 0.672711 0.128882 0.018300
5 0.104724 0.685641 0.117178 0.017112
5 0.822580 0.705744 0.151698 0.019971
5 0.062334 0.716516 0.058168 0.015660
5 0.833224 0.739423 0.140716 0.018730
2 0.066352 0.750088 0.074293 0.015064
2 0.160482 0.753886 0.117297 0.014898
2 0.822609 0.771591 0.158873 0.018134
5 0.104415 0.784466 0.171648 0.018349
5 0.843952 0.806079 0.112876 0.017004
5 0.052540 0.846996 0.102014 0.016789
5 0.160708 0.849578 0.108337 0.016897
5 0.819372 0.869282 0.161142 0.020240
5 0.072393 0.900931 0.144786 0.021917
5 0.863301 0.923862 0.065214 0.015875
