5 0.265321 0.455914 0.020865 0.021593
3 0.348406 0.455434 0.121221 0.024282
3 0.454617 0.455155 0.069317 0.024261
3 0.552032 0.455087 0.105752 0.023143
4 0.831674 0.455939 0.110303 0.026796
5 0.264274 0.478594 0.020865 0.021593
3 0.413382 0.477665 0.248871 0.023490
4 0.832276 0.478580 0.108974 0.026717
5 0.265426 0.501222 0.020865 0.021593
3 0.339676 0.500198 0.103553 0.023621
3 0.447064 0.501402 0.089184 0.026243
3 0.559852 0.500587 0.121183 0.024797
4 0.833428 0.501208 0.108974 0.026717
5 0.264379 0.523902 0.020865 0.021593
3 0.345226 0.522721 0.121144 0.024043
3 0.443779 0.523380 0.053925 0.023892
4 0.832381 0.523888 0.108974 0.026717
5 0.265531 0.546530 0.025263 0.021699
3 0.355212 0.545892 0.138812 0.024464
3 0.444893 0.545254 0.023064 0.021646
3 0.494444 0.545577 0.056201 0.025453
3 0.551654 0.544962 0.038533 0.023523
4 0.833533 0.546516 0.108974 0.026717
5 0.263384 0.569237 0.023064 0.021646
3 0.354145 0.568195 0.138774 0.023710
3 0.444984 0.568662 0.025339 0.023207
3 0.493436 0.569012 0.056124 0.023945
3 0.549546 0.568423 0.036257 0.021962
4 0.832524 0.569950 0.109050 0.028226
5 0.264536 0.591865 0.023064 0.021646
3 0.363012 0.590680 0.154204 0.024163
3 0.479157 0.591254 0.056201 0.025453
3 0.551797 0.591024 0.073792 0.025875
4 0.833184 0.593723 0.109853 0.026861
5 0.354302 0.636157 0.141049 0.025271
5 0.824435 0.638487 0.127559 0.027948
5 0.303212 0.659659 0.040732 0.023576
5 0.353863 0.659956 0.040732 0.023576
5 0.832855 0.661308 0.111235 0.026054
5 0.313197 0.682830 0.058399 0.025506
5 0.380302 0.681978 0.056124 0.023945
5 0.833431 0.685093 0.109930 0.028370
2 0.367801 0.728343 0.167474 0.025149
2 0.766336 0.729368 0.235458 0.027630
5 0.325602 0.753520 0.089184 0.026243
5 0.416894 0.752088 0.073715 0.024366
5 0.492794 0.751025 0.023217 0.024663
5 0.705785 0.750831 0.090294 0.024318
5 0.789080 0.754122 0.058295 0.028204
5 0.859483 0.753568 0.056124 0.023945
