5 0.224763 0.497296 0.023243 0.024644
3 0.262186 0.496401 0.054061 0.025381
3 0.334982 0.497678 0.084879 0.026118
4 0.823455 0.504107 0.102308 0.030794
5 0.254687 0.522237 0.071825 0.028817
5 0.240662 0.549738 0.040700 0.022051
5 0.265288 0.600462 0.129059 0.030186
5 0.823294 0.608248 0.098241 0.029449
2 0.242304 0.625159 0.080631 0.029028
2 0.822322 0.632419 0.102644 0.029554
5 0.234372 0.685718 0.076843 0.040982
5 0.818793 0.692872 0.107661 0.041718
5 0.268251 0.722639 0.154524 0.044709
5 0.853812 0.731274 0.023704 0.033689
