3 0.271991 0.418633 0.103977 0.023393
3 0.375939 0.418321 0.074590 0.025012
5 0.198376 0.419007 0.008510 0.020810
4 0.688237 0.417058 0.092460 0.026581
3 0.272079 0.445689 0.109722 0.024143
3 0.375747 0.445711 0.075544 0.027695
3 0.450676 0.446356 0.047018 0.027990
3 0.526560 0.444342 0.079050 0.025070
5 0.197292 0.446051 0.011186 0.021513
4 0.687161 0.444103 0.095182 0.028620
2 0.290772 0.512413 0.146365 0.043978
2 0.638285 0.511271 0.188347 0.046541
5 0.304367 0.560694 0.177800 0.053737
5 0.562245 0.555721 0.220274 0.049633
5 0.642712 0.605550 0.199713 0.052024
