3 0.167089 0.546032 0.197468 0.022222
3 0.317722 0.545238 0.083544 0.020635
3 0.422785 0.544444 0.111392 0.030159
5 0.291139 0.573016 0.106329 0.022222
5 0.421519 0.573016 0.037975 0.019048
4 0.653165 0.571429 0.106329 0.022222
3 0.155696 0.603968 0.179747 0.023810
3 0.286076 0.602381 0.055696 0.020635
5 0.290506 0.630556 0.107595 0.026190
5 0.422785 0.627778 0.040506 0.020635
4 0.658228 0.626984 0.106329 0.022222
3 0.168987 0.661905 0.218987 0.026984
3 0.318354 0.660714 0.059494 0.026190
3 0.406962 0.656349 0.107595 0.023810
5 0.334177 0.688889 0.025316 0.022222
5 0.421519 0.685714 0.037975 0.019048
4 0.705063 0.684921 0.022785 0.020635
5 0.105063 0.750794 0.093671 0.022222
5 0.211392 0.749206 0.093671 0.022222
5 0.434177 0.742857 0.022785 0.022222
2 0.112025 0.810714 0.112658 0.027778
2 0.630380 0.803968 0.111392 0.023810
5 0.096203 0.841667 0.081013 0.024603
5 0.138608 0.871032 0.163291 0.026190
5 0.694937 0.861905 0.131646 0.023810
5 0.121519 0.903175 0.131646 0.022222
5 0.706329 0.891270 0.111392 0.023810
