5 0.173611 0.355324 0.020833 0.025463
3 0.238715 0.357060 0.081597 0.035880
3 0.333333 0.361111 0.083333 0.027778
3 0.454861 0.362269 0.138889 0.030093
3 0.604167 0.362269 0.138889 0.030093
4 0.789931 0.361111 0.121528 0.032407
5 0.177083 0.387731 0.020833 0.025463
3 0.240451 0.389468 0.085069 0.035880
3 0.333333 0.392361 0.083333 0.030093
3 0.454861 0.394676 0.138889 0.030093
3 0.605903 0.394676 0.142361 0.030093
4 0.789931 0.392361 0.121528 0.030093
5 0.177083 0.422454 0.020833 0.025463
3 0.243056 0.423611 0.076389 0.032407
3 0.333333 0.424769 0.083333 0.030093
3 0.465278 0.423611 0.152778 0.030093
3 0.614583 0.424769 0.125000 0.030093
4 0.788194 0.421296 0.125000 0.027778
5 0.177083 0.454861 0.027778 0.030093
3 0.269965 0.455440 0.140625 0.033565
3 0.401042 0.456019 0.100694 0.027778
4 0.789931 0.452546 0.121528 0.030093
2 0.295139 0.532407 0.194444 0.050926
2 0.735243 0.528356 0.241319 0.061343
5 0.241319 0.575231 0.086806 0.030093
5 0.786458 0.566551 0.145833 0.035880
5 0.315104 0.618634 0.241319 0.059028
5 0.739583 0.614583 0.243056 0.053241
