3 0.183160 0.515503 0.073785 0.018799
3 0.268446 0.515503 0.074219 0.018799
3 0.346137 0.515503 0.059462 0.018799
3 0.411892 0.518066 0.053819 0.021973
5 0.273872 0.540039 0.022569 0.017578
5 0.326606 0.540527 0.023872 0.016602
5 0.503472 0.541626 0.107639 0.018799
4 0.737847 0.542603 0.109375 0.018799
5 0.390408 0.594116 0.018663 0.013428
5 0.190538 0.592651 0.114583 0.018799
5 0.297092 0.592041 0.075955 0.017578
5 0.576606 0.592041 0.020399 0.017578
5 0.391493 0.619141 0.016493 0.013672
5 0.162760 0.618652 0.059028 0.018555
5 0.251519 0.618164 0.092448 0.017578
5 0.738715 0.617065 0.107639 0.019775
5 0.386936 0.645752 0.018663 0.014648
5 0.176649 0.647217 0.098090 0.021973
5 0.282986 0.645142 0.096354 0.017822
5 0.744141 0.642578 0.094184 0.021484
2 0.389540 0.672241 0.016927 0.013428
2 0.177517 0.672241 0.096354 0.019775
2 0.283203 0.671265 0.092448 0.019775
2 0.740451 0.668091 0.107639 0.019775
