5 0.157951 0.548422 0.020226 0.031400
3 0.209997 0.550304 0.059523 0.032488
4 0.704661 0.540798 0.123766 0.037807
5 0.157876 0.580177 0.023525 0.031481
5 0.263614 0.581451 0.171080 0.039742
5 0.414410 0.581232 0.118115 0.034578
5 0.741359 0.569715 0.058808 0.013808
5 0.158977 0.613452 0.020073 0.028306
5 0.262402 0.612460 0.169980 0.039715
5 0.440664 0.611178 0.172102 0.038222
5 0.744467 0.599841 0.057939 0.016875
5 0.158806 0.643273 0.016736 0.027451
5 0.209023 0.645912 0.064242 0.033254
5 0.307972 0.643480 0.125811 0.034767
5 0.746022 0.631169 0.064497 0.016264
5 0.158789 0.676188 0.020073 0.028306
5 0.229211 0.675620 0.101546 0.032625
5 0.750760 0.660509 0.055740 0.017541
5 0.159737 0.706369 0.014575 0.028171
5 0.221344 0.705630 0.078420 0.031285
5 0.284127 0.706411 0.025570 0.028441
5 0.416533 0.701609 0.220324 0.036316
5 0.753799 0.692570 0.054934 0.015247
5 0.161745 0.735952 0.020073 0.027793
5 0.214614 0.736387 0.061813 0.028559
5 0.275576 0.733700 0.040885 0.027272
5 0.318511 0.733834 0.027807 0.029269
5 0.755685 0.721909 0.057171 0.015301
5 0.162693 0.765917 0.016774 0.028198
5 0.213325 0.765848 0.056546 0.033065
5 0.287006 0.764425 0.067502 0.032562
5 0.357512 0.763480 0.064867 0.027901
5 0.410892 0.761062 0.026425 0.030968
5 0.757305 0.751744 0.053911 0.014419
2 0.280464 0.821122 0.185065 0.033905
2 0.664168 0.811694 0.240191 0.038350
5 0.264766 0.848614 0.146662 0.034506
5 0.667219 0.839888 0.243528 0.039204
