3 0.252632 0.634218 0.105263 0.038348
3 0.354386 0.632743 0.084211 0.035398
3 0.466667 0.631268 0.119298 0.038348
5 0.180702 0.635693 0.017544 0.029499
4 0.784211 0.626844 0.122807 0.041298
3 0.243860 0.672566 0.080702 0.038348
3 0.356140 0.672566 0.122807 0.038348
5 0.180702 0.675516 0.024561 0.032448
4 0.787719 0.666667 0.122807 0.038348
3 0.254386 0.712389 0.101754 0.035398
3 0.357895 0.710914 0.084211 0.038348
3 0.477193 0.707965 0.140351 0.038348
5 0.178947 0.713864 0.028070 0.032448
4 0.780702 0.706490 0.136842 0.041298
5 0.263158 0.750737 0.119298 0.035398
5 0.778947 0.746313 0.140351 0.038348
5 0.236842 0.789086 0.066667 0.035398
5 0.301754 0.789086 0.049123 0.035398
5 0.791228 0.784661 0.122807 0.038348
5 0.235088 0.828909 0.063158 0.032448
5 0.315789 0.827434 0.063158 0.035398
5 0.791228 0.823009 0.122807 0.038348
2 0.305263 0.918879 0.189474 0.058997
2 0.715789 0.915929 0.266667 0.064897
