5 0.286935 0.546437 0.020175 0.024819
3 0.365793 0.551931 0.109052 0.037341
3 0.484378 0.560180 0.111511 0.032248
4 0.789959 0.576685 0.144094 0.034927
5 0.388575 0.622991 0.173222 0.044194
5 0.788933 0.648006 0.141718 0.034866
2 0.340017 0.655684 0.070251 0.029569
2 0.785000 0.680085 0.141510 0.038251
5 0.381221 0.689800 0.170072 0.032118
5 0.841714 0.713741 0.026973 0.018048
5 0.336415 0.718674 0.094916 0.029277
5 0.790518 0.739407 0.139258 0.033068
5 0.346348 0.759822 0.145573 0.049610
5 0.790529 0.789003 0.162225 0.066637
5 0.167145 0.874449 0.114137 0.040069
5 0.278599 0.882951 0.083406 0.036734
5 0.414332 0.893378 0.022635 0.026617
5 0.501446 0.899954 0.102212 0.037220
5 0.626546 0.909239 0.025012 0.026678
5 0.698972 0.912378 0.086764 0.032510
