3 0.279389 0.415765 0.193142 0.035260
5 0.462557 0.409381 0.083964 0.032754
4 0.649771 0.401563 0.081945 0.033764
3 0.198769 0.456573 0.032422 0.034849
3 0.260418 0.457527 0.072846 0.031555
3 0.321675 0.455133 0.027362 0.038365
5 0.497067 0.450140 0.018206 0.028600
4 0.681856 0.441546 0.017139 0.032105
5 0.167398 0.460152 0.012149 0.028104
3 0.202459 0.500003 0.034194 0.029400
3 0.268129 0.500869 0.082871 0.032487
3 0.335489 0.496172 0.027057 0.026877
5 0.472104 0.490601 0.069703 0.031438
4 0.657768 0.483674 0.072731 0.032601
5 0.170420 0.503244 0.013123 0.026366
5 0.171457 0.553949 0.016658 0.048928
5 0.224127 0.550159 0.069363 0.052875
5 0.218308 0.607003 0.072308 0.020735
5 0.656760 0.613341 0.088495 0.024775
