3 0.094358 0.493799 0.053356 0.029672
3 0.222947 0.495111 0.174164 0.030903
3 0.341108 0.494015 0.027159 0.030938
5 0.524739 0.498189 0.025281 0.035057
5 0.688756 0.499862 0.024672 0.035512
4 0.896188 0.498803 0.022702 0.032230
5 0.119341 0.536238 0.105979 0.034808
5 0.370051 0.535728 0.050869 0.034246
3 0.169323 0.576618 0.202985 0.032705
3 0.338658 0.576071 0.111273 0.036368
5 0.527147 0.576452 0.036694 0.035645
5 0.650992 0.578272 0.111273 0.035271
4 0.850436 0.579744 0.132267 0.036609
5 0.123428 0.619115 0.119100 0.034942
5 0.329525 0.618149 0.132221 0.035076
5 0.849465 0.700151 0.121724 0.034968
5 0.121092 0.697899 0.113943 0.036804
5 0.245791 0.697062 0.090233 0.034647
5 0.402439 0.698521 0.028867 0.033764
5 0.123769 0.739535 0.111090 0.030261
5 0.249276 0.740067 0.110174 0.034835
5 0.860037 0.741676 0.113851 0.032586
2 0.123913 0.778653 0.108511 0.031768
2 0.274854 0.779439 0.158556 0.036850
2 0.864095 0.781601 0.108603 0.032640
5 0.126589 0.820865 0.111181 0.031079
5 0.267011 0.821530 0.140094 0.035102
5 0.862858 0.823006 0.108511 0.031768
5 0.165983 0.863994 0.197874 0.033710
5 0.906257 0.864099 0.035169 0.035619
5 0.099071 0.907254 0.071955 0.036081
5 0.185718 0.906604 0.027676 0.040166
5 0.387832 0.907898 0.138079 0.040093
