5 0.131779 0.447588 0.080648 0.032949
5 0.375090 0.449327 0.232030 0.031384
3 0.163474 0.483733 0.136106 0.029939
3 0.335556 0.482470 0.181033 0.034462
4 0.734023 0.485102 0.241342 0.036333
5 0.128932 0.524181 0.078495 0.033878
5 0.377976 0.524079 0.250266 0.036467
3 0.178357 0.562039 0.174185 0.032436
3 0.370516 0.561080 0.169724 0.032369
4 0.733446 0.560783 0.243417 0.031586
5 0.225394 0.601789 0.270187 0.034844
5 0.721134 0.602995 0.274726 0.035874
5 0.240535 0.674817 0.303698 0.032494
5 0.729714 0.676387 0.236647 0.033377
2 0.221935 0.713559 0.272885 0.040655
2 0.720943 0.715778 0.275038 0.039726
5 0.252202 0.752077 0.343958 0.033099
5 0.583081 0.789341 0.529630 0.034496
5 0.215129 0.824315 0.277035 0.034878
5 0.698756 0.824356 0.051492 0.030553
5 0.247628 0.864345 0.339653 0.033995
5 0.697754 0.864363 0.042180 0.025638
