5 0.176656 0.561136 0.029010 0.029114
3 0.280575 0.563281 0.122750 0.032932
4 0.798722 0.572135 0.159397 0.034982
5 0.174062 0.594975 0.023137 0.027402
3 0.283806 0.597576 0.125937 0.031808
3 0.454511 0.599833 0.163181 0.032993
4 0.782662 0.603824 0.194372 0.034151
5 0.171554 0.628705 0.021354 0.029629
3 0.405456 0.631344 0.382738 0.044162
4 0.784924 0.637701 0.186727 0.032078
5 0.168705 0.662234 0.022559 0.027084
3 0.282565 0.664469 0.133750 0.034288
3 0.437858 0.667170 0.132399 0.033845
4 0.796790 0.672494 0.163658 0.030618
5 0.167100 0.696480 0.019969 0.025847
3 0.279362 0.698701 0.131791 0.032278
3 0.449647 0.700962 0.161755 0.031011
4 0.797491 0.707956 0.158181 0.035762
5 0.165217 0.731628 0.020547 0.027640
3 0.261431 0.732168 0.096154 0.027895
3 0.417011 0.735466 0.164620 0.035853
4 0.798636 0.741325 0.167553 0.035244
5 0.164199 0.765376 0.020461 0.027079
3 0.316742 0.765828 0.221337 0.033665
3 0.511629 0.771748 0.099726 0.035119
4 0.796754 0.776480 0.165538 0.033436
2 0.241541 0.800672 0.061533 0.026315
2 0.681560 0.809056 0.383069 0.043410
5 0.272074 0.832949 0.133727 0.031625
5 0.766425 0.843255 0.216457 0.030404
5 0.242604 0.864599 0.063500 0.027531
5 0.775724 0.878225 0.197283 0.036575
