5 0.184402 0.326800 0.018950 0.021600
3 0.262391 0.328400 0.099125 0.021600
4 0.755831 0.328000 0.118076 0.022400
5 0.185131 0.353200 0.020408 0.021600
3 0.302478 0.353600 0.173469 0.020800
4 0.754373 0.353600 0.115160 0.022400
5 0.187318 0.378400 0.021866 0.022400
3 0.246356 0.379200 0.058309 0.020800
3 0.321429 0.379200 0.059767 0.019200
4 0.801749 0.379200 0.023324 0.022400
5 0.225219 0.404400 0.016035 0.021600
5 0.284985 0.404400 0.056851 0.020000
5 0.360058 0.405200 0.055394 0.020000
5 0.455539 0.405200 0.094752 0.020000
5 0.747813 0.403200 0.110787 0.024000
5 0.186589 0.427200 0.023324 0.022400
3 0.263848 0.429200 0.099125 0.020000
3 0.380466 0.431200 0.099125 0.020800
4 0.750000 0.431200 0.118076 0.020800
5 0.188776 0.454400 0.018950 0.019200
3 0.276239 0.456000 0.118076 0.022400
3 0.387755 0.455200 0.072886 0.020800
4 0.796647 0.455600 0.021866 0.020000
5 0.228863 0.480000 0.014577 0.020800
5 0.286443 0.480400 0.056851 0.020000
5 0.370991 0.480000 0.074344 0.019200
5 0.747813 0.481200 0.113703 0.023200
5 0.190233 0.502800 0.016035 0.020000
3 0.278426 0.504000 0.113703 0.019200
3 0.400146 0.504400 0.094752 0.018400
4 0.747813 0.504800 0.113703 0.020800
5 0.190962 0.528000 0.017493 0.019200
3 0.278426 0.528800 0.113703 0.019200
3 0.408892 0.528400 0.100583 0.020000
4 0.747813 0.529600 0.116618 0.020800
5 0.463557 0.576800 0.145773 0.020800
5 0.738338 0.578400 0.135569 0.019200
5 0.507289 0.601600 0.058309 0.024000
5 0.746356 0.602800 0.110787 0.023200
2 0.491254 0.636800 0.093294 0.036800
2 0.739796 0.638000 0.135569 0.039200
5 0.441691 0.676800 0.043732 0.035200
5 0.513120 0.679600 0.061224 0.040800
5 0.740525 0.680000 0.134111 0.038400
5 0.395773 0.708400 0.091837 0.020000
5 0.503644 0.708000 0.080175 0.020800
5 0.793732 0.709600 0.027697 0.019200
5 0.413994 0.732400 0.093294 0.020000
5 0.513848 0.733600 0.059767 0.020800
5 0.794461 0.733200 0.023324 0.021600
