3 0.162656 0.387893 0.087809 0.031243
3 0.271541 0.386310 0.090227 0.030021
3 0.349349 0.384846 0.040334 0.028026
4 0.745392 0.375444 0.179433 0.034824
3 0.128555 0.425214 0.037970 0.030803
3 0.184833 0.424095 0.034851 0.029532
3 0.291214 0.421290 0.148107 0.031775
4 0.736151 0.410834 0.180610 0.035757
3 0.222964 0.458912 0.204628 0.033497
3 0.369668 0.456373 0.061351 0.031009
4 0.814605 0.445915 0.037269 0.028310
5 0.228198 0.494488 0.228603 0.035258
5 0.746345 0.483070 0.178807 0.034202
5 0.171628 0.531848 0.090842 0.030026
5 0.283282 0.530241 0.087809 0.031243
5 0.743904 0.519489 0.203387 0.035652
5 0.204529 0.566711 0.169027 0.031959
5 0.767316 0.555835 0.150611 0.033041
5 0.485068 0.634542 0.287055 0.039189
2 0.205584 0.677450 0.142612 0.032970
2 0.769580 0.665941 0.174608 0.033252
5 0.187205 0.715565 0.124111 0.031563
5 0.768402 0.703127 0.180750 0.036706
5 0.226313 0.751773 0.181290 0.034845
5 0.777409 0.740997 0.176389 0.035418
