5 0.213430 0.478162 0.017390 0.018504
3 0.277630 0.473971 0.092006 0.026246
3 0.391009 0.473777 0.129285 0.028973
3 0.512877 0.474627 0.108983 0.028734
4 0.746462 0.476448 0.102216 0.028654
5 0.208975 0.502245 0.020833 0.020831
3 0.264775 0.500442 0.078531 0.028374
3 0.357882 0.501632 0.095449 0.028574
3 0.457698 0.500454 0.092065 0.028534
4 0.748863 0.503883 0.098833 0.028614
2 0.311349 0.567409 0.176516 0.048279
2 0.693025 0.569770 0.204255 0.050444
5 0.260665 0.603481 0.078531 0.028374
5 0.739619 0.604694 0.122518 0.028893
5 0.325141 0.642772 0.213735 0.047840
5 0.699990 0.642925 0.204255 0.050444
