3 0.339220 0.640437 0.202870 0.036981
3 0.481252 0.644230 0.084080 0.033808
5 0.443385 0.680791 0.156568 0.039690
5 0.590672 0.682748 0.047926 0.032843
4 0.810267 0.686635 0.146238 0.039414
5 0.272463 0.743461 0.099755 0.038172
5 0.378251 0.748264 0.094409 0.034084
5 0.603011 0.752289 0.027087 0.028341
2 0.276873 0.816746 0.115069 0.034636
2 0.775458 0.826107 0.151583 0.043502
5 0.259756 0.851884 0.084080 0.033808
5 0.299631 0.884588 0.166717 0.036015
5 0.834279 0.896890 0.172062 0.040104
5 0.281403 0.914754 0.137950 0.041044
5 0.858570 0.931156 0.120234 0.034774
