3 0.318019 0.249997 0.070619 0.020483
3 0.380253 0.251161 0.042777 0.020832
3 0.422070 0.250912 0.029507 0.018988
4 0.644272 0.247822 0.082357 0.021790
5 0.312421 0.270358 0.057502 0.021565
5 0.374654 0.271141 0.055970 0.021151
5 0.630977 0.267988 0.106544 0.022376
5 0.323295 0.289558 0.081729 0.023266
5 0.637550 0.289199 0.095550 0.022109
3 0.311023 0.308172 0.059663 0.022274
3 0.379418 0.310715 0.068382 0.021299
4 0.643022 0.310438 0.082357 0.021790
5 0.310922 0.328019 0.059740 0.022327
5 0.372721 0.331102 0.057387 0.020803
5 0.632003 0.332075 0.106544 0.022376
5 0.322933 0.348335 0.083966 0.024791
5 0.644034 0.352391 0.080081 0.020212
3 0.310681 0.366950 0.062015 0.023852
3 0.379115 0.370636 0.070734 0.022008
4 0.674718 0.371493 0.016160 0.015619
3 0.322731 0.387648 0.083889 0.023975
3 0.404397 0.391776 0.070696 0.022770
4 0.674578 0.390577 0.018436 0.017197
5 0.299030 0.408829 0.031783 0.020565
5 0.502964 0.414577 0.069163 0.021471
3 0.322605 0.428866 0.083889 0.022451
4 0.644806 0.433276 0.082280 0.020265
5 0.309899 0.449781 0.058169 0.021204
5 0.374370 0.451654 0.057426 0.022327
5 0.633710 0.453389 0.106544 0.022376
5 0.321419 0.471254 0.083735 0.021635
5 0.640832 0.474206 0.092531 0.021422
3 0.307690 0.493339 0.058246 0.022729
3 0.385335 0.494131 0.081575 0.020164
4 0.678777 0.495803 0.016237 0.017144
3 0.314300 0.515313 0.073561 0.021577
3 0.392437 0.514948 0.071362 0.021524
4 0.679813 0.516385 0.016160 0.015619
3 0.332966 0.536232 0.113141 0.022535
3 0.411103 0.535867 0.031783 0.020565
4 0.656662 0.537553 0.069163 0.021471
5 0.305456 0.558269 0.060368 0.021258
5 0.372599 0.558170 0.058169 0.021204
5 0.641169 0.557773 0.106544 0.022376
5 0.318075 0.579334 0.088133 0.020766
5 0.656537 0.578771 0.082357 0.021790
3 0.357707 0.601272 0.169492 0.022422
4 0.667507 0.599877 0.071362 0.021524
5 0.303299 0.624723 0.062644 0.022835
5 0.372602 0.623808 0.060368 0.021258
5 0.650952 0.620885 0.111019 0.024007
5 0.316545 0.647300 0.091229 0.023528
5 0.668557 0.642593 0.086908 0.024946
3 0.308978 0.671907 0.078036 0.023208
3 0.401331 0.669670 0.091229 0.023528
4 0.678543 0.666011 0.073638 0.023102
5 0.301411 0.696514 0.064843 0.022889
5 0.372836 0.694021 0.062720 0.024360
5 0.663203 0.689280 0.115417 0.024113
5 0.314695 0.719852 0.093505 0.025105
5 0.680847 0.711750 0.091229 0.023528
3 0.314901 0.745798 0.095704 0.025159
3 0.417072 0.741797 0.093505 0.025105
4 0.692009 0.736667 0.075914 0.024680
5 0.299714 0.772115 0.067118 0.024467
5 0.373377 0.770332 0.064919 0.024413
5 0.675646 0.761487 0.119891 0.025744
5 0.314251 0.798477 0.097979 0.026737
5 0.692382 0.787795 0.093582 0.026630
3 0.319955 0.824289 0.111096 0.025531
3 0.441404 0.820966 0.109920 0.029263
4 0.732129 0.812019 0.020942 0.023349
5 0.329071 0.852308 0.126488 0.025904
5 0.692871 0.841210 0.106775 0.026950
2 0.343608 0.878670 0.148554 0.027961
2 0.694157 0.866761 0.108782 0.029210
5 0.328384 0.904225 0.124289 0.025851
5 0.695366 0.890760 0.106698 0.025425
