4 0.797114 0.199770 0.215208 0.039615
5 0.164232 0.243712 0.034384 0.026106
3 0.278352 0.235910 0.160242 0.033606
3 0.396649 0.227297 0.028877 0.025979
4 0.792822 0.228691 0.220715 0.041331
5 0.158660 0.270775 0.037137 0.026169
3 0.257662 0.261719 0.129909 0.036175
3 0.361977 0.257317 0.028877 0.025979
5 0.153136 0.296932 0.028974 0.027790
3 0.312971 0.284757 0.248438 0.040667
3 0.510686 0.272967 0.104794 0.038618
4 0.880241 0.256529 0.040082 0.029853
2 0.254655 0.357254 0.173750 0.061479
2 0.792704 0.335184 0.235599 0.070951
5 0.137142 0.364541 0.038291 0.047895
5 0.178203 0.434819 0.151598 0.033733
5 0.792363 0.419014 0.220138 0.037583
5 0.198294 0.523634 0.215064 0.044141
5 0.806588 0.514507 0.184959 0.034141
