5 0.233545 0.198535 0.087011 0.031360
3 0.335785 0.197717 0.116430 0.035061
3 0.450295 0.201891 0.122033 0.042148
3 0.575806 0.213855 0.141335 0.045649
4 0.897935 0.224397 0.137340 0.037128
5 0.204542 0.224674 0.045296 0.025163
5 0.334852 0.231000 0.141335 0.033971
5 0.219304 0.272733 0.091525 0.034057
3 0.325513 0.275659 0.120581 0.039853
3 0.438753 0.289115 0.117519 0.046739
3 0.573291 0.298138 0.163178 0.044357
3 0.710812 0.301021 0.096402 0.034057
4 0.888389 0.315595 0.138999 0.047542
5 0.193829 0.303865 0.050743 0.036640
5 0.319884 0.312385 0.129972 0.040656
5 0.203066 0.363501 0.088100 0.036152
3 0.361316 0.374576 0.224144 0.049866
4 0.874771 0.399176 0.128882 0.040656
5 0.172169 0.400070 0.038654 0.036238
5 0.312752 0.410039 0.155240 0.043956
5 0.186984 0.464498 0.095469 0.031963
3 0.291221 0.468270 0.131061 0.045247
3 0.406899 0.475041 0.113368 0.042148
3 0.522940 0.483060 0.130335 0.047341
3 0.613713 0.490820 0.065011 0.046625
4 0.858170 0.493287 0.133759 0.036065
5 0.156554 0.499919 0.037927 0.033943
5 0.293168 0.507593 0.146575 0.041259
5 0.173366 0.564247 0.092614 0.038648
3 0.275061 0.569167 0.121670 0.040455
3 0.390557 0.579380 0.112642 0.035061
4 0.826133 0.587842 0.134122 0.043152
5 0.144545 0.601963 0.037564 0.031446
5 0.269250 0.607141 0.137547 0.038361
5 0.153600 0.662948 0.091888 0.034057
3 0.308892 0.672573 0.212988 0.044472
4 0.802579 0.683846 0.126547 0.042751
5 0.127035 0.698469 0.042805 0.036238
5 0.253998 0.702299 0.129245 0.035865
5 0.141149 0.754763 0.087737 0.034057
3 0.216227 0.757130 0.071860 0.035750
3 0.292835 0.762093 0.091525 0.034258
3 0.403195 0.765019 0.137910 0.036668
4 0.784810 0.770769 0.134486 0.042951
5 0.113236 0.785694 0.033777 0.028434
5 0.239835 0.792966 0.137547 0.038160
2 0.173450 0.854526 0.184295 0.045361
2 0.716220 0.873947 0.214804 0.046566
5 0.149480 0.913503 0.129608 0.028978
5 0.729971 0.932436 0.175994 0.040570
