3 0.189236 0.628538 0.065972 0.030660
3 0.300347 0.627358 0.128472 0.033019
3 0.465278 0.626179 0.173611 0.030660
5 0.130208 0.630896 0.017361 0.025943
4 0.785590 0.629717 0.119792 0.037736
3 0.185764 0.662736 0.065972 0.028302
3 0.281250 0.661557 0.090278 0.030660
3 0.379340 0.659788 0.092014 0.034198
5 0.128472 0.663915 0.020833 0.025943
4 0.795139 0.662736 0.104167 0.033019
3 0.185764 0.698113 0.065972 0.033019
3 0.300347 0.695755 0.128472 0.033019
3 0.435764 0.693396 0.121528 0.033019
5 0.128472 0.699292 0.020833 0.025943
4 0.795139 0.695755 0.104167 0.033019
3 0.185764 0.732311 0.065972 0.030660
3 0.269097 0.731132 0.072917 0.033019
3 0.359375 0.728774 0.086806 0.033019
5 0.125000 0.734670 0.020833 0.025943
4 0.796875 0.728774 0.107639 0.033019
5 0.410590 0.794811 0.168403 0.040094
5 0.787326 0.793042 0.130208 0.038915
5 0.097222 0.806604 0.111111 0.033019
5 0.164931 0.803066 0.031250 0.030660
2 0.363715 0.831958 0.074653 0.036557
2 0.787326 0.826061 0.130208 0.038915
5 0.076389 0.843160 0.076389 0.030660
5 0.161458 0.840802 0.031250 0.030660
5 0.371528 0.865566 0.090278 0.033019
5 0.787326 0.859080 0.130208 0.038915
