3 0.255208 0.413773 0.170139 0.035880
3 0.406250 0.415509 0.118056 0.034722
5 0.143229 0.413773 0.022569 0.035880
4 0.847222 0.420139 0.118056 0.034722
3 0.220486 0.449074 0.100694 0.032407
3 0.321181 0.449653 0.079861 0.033565
5 0.144097 0.448495 0.020833 0.031250
4 0.845486 0.454861 0.121528 0.034722
3 0.221354 0.484375 0.102431 0.033565
3 0.328993 0.484375 0.098958 0.033565
3 0.446181 0.483796 0.114583 0.032407
3 0.568576 0.483796 0.112847 0.037037
5 0.144097 0.484954 0.034722 0.034722
4 0.833333 0.489583 0.138889 0.034722
2 0.282986 0.565394 0.232639 0.059028
2 0.766493 0.569444 0.276042 0.067130
5 0.221354 0.609375 0.098958 0.033565
5 0.827257 0.614005 0.144097 0.038194
5 0.309028 0.655093 0.295139 0.067130
5 0.780382 0.655671 0.241319 0.061343
