5 0.099489 0.609476 0.024805 0.028164
3 0.180288 0.607819 0.112499 0.037953
3 0.281184 0.607938 0.072188 0.036903
3 0.403193 0.606099 0.158276 0.038601
4 0.805821 0.609059 0.139374 0.038653
5 0.096343 0.640742 0.021563 0.030582
3 0.197297 0.639609 0.156053 0.036585
3 0.361210 0.640116 0.157674 0.041551
4 0.807772 0.639203 0.139374 0.038653
5 0.200419 0.698623 0.174881 0.037154
5 0.812457 0.700766 0.141288 0.036446
5 0.137470 0.732093 0.052032 0.036378
5 0.199676 0.732459 0.055274 0.033961
5 0.824340 0.734304 0.124507 0.038223
5 0.142664 0.764830 0.072188 0.036903
5 0.231802 0.764643 0.075547 0.036991
5 0.826144 0.767579 0.124449 0.039475
2 0.212825 0.829351 0.212009 0.040621
2 0.737344 0.832977 0.306187 0.040565
5 0.351462 0.866817 0.020977 0.018058
5 0.855768 0.871170 0.021094 0.020563
5 0.158244 0.863040 0.112499 0.037953
5 0.277499 0.866145 0.095703 0.037515
5 0.371794 0.863584 0.035235 0.035941
5 0.675147 0.867721 0.117773 0.037058
5 0.786902 0.869377 0.078906 0.037078
5 0.876041 0.869190 0.035235 0.035941
