3 0.098958 0.379630 0.090278 0.032407
3 0.256076 0.381366 0.223958 0.031250
3 0.098958 0.409722 0.093750 0.027778
4 0.536458 0.388889 0.114583 0.027778
5 0.159722 0.410880 0.027778 0.030093
5 0.232639 0.410301 0.118056 0.028935
5 0.090278 0.485532 0.083333 0.031250
5 0.180556 0.483796 0.090278 0.027778
5 0.541667 0.493056 0.111111 0.027778
5 0.135417 0.530671 0.173611 0.031250
5 0.269097 0.530671 0.104167 0.038194
5 0.105903 0.578704 0.107639 0.027778
5 0.545139 0.586227 0.118056 0.028935
5 0.146701 0.655671 0.203125 0.035880
5 0.590278 0.648727 0.034722 0.028935
