3 0.177720 0.628649 0.090275 0.034368
3 0.277798 0.623136 0.087842 0.031024
5 0.531265 0.616575 0.026184 0.028634
5 0.612856 0.615046 0.118901 0.035478
4 0.815733 0.611264 0.119017 0.037107
5 0.188428 0.670321 0.112064 0.037537
5 0.819604 0.650319 0.121219 0.037192
5 0.168004 0.756444 0.070456 0.033599
5 0.269618 0.749644 0.108877 0.037452
5 0.347125 0.744598 0.028386 0.028719
5 0.836269 0.729717 0.103602 0.036509
2 0.185811 0.797409 0.110963 0.036722
2 0.305534 0.788683 0.110848 0.038266
2 0.825391 0.770978 0.120464 0.032901
5 0.189420 0.840559 0.110093 0.035136
5 0.831666 0.812799 0.122608 0.033333
5 0.207284 0.882338 0.152687 0.039888
5 0.842229 0.852820 0.102751 0.030326
