3 0.159284 0.593019 0.073442 0.020851
3 0.237312 0.592978 0.070961 0.020998
5 0.437584 0.588474 0.023679 0.020229
5 0.505724 0.583859 0.103439 0.026148
4 0.671848 0.572069 0.106681 0.028723
3 0.157498 0.620532 0.075261 0.022586
3 0.244595 0.620117 0.089863 0.022204
5 0.440418 0.614003 0.023718 0.020586
5 0.516593 0.610109 0.086752 0.024428
4 0.683705 0.599340 0.093843 0.028480
3 0.196437 0.648071 0.150261 0.021280
3 0.322016 0.645409 0.088492 0.022104
5 0.441387 0.640689 0.023112 0.020204
5 0.518412 0.636758 0.088979 0.024171
4 0.688338 0.625686 0.092709 0.027766
5 0.167326 0.675902 0.086989 0.023457
5 0.686612 0.653734 0.106879 0.029794
5 0.153507 0.733379 0.057845 0.023155
5 0.233827 0.731096 0.090470 0.024321
5 0.297467 0.729549 0.028938 0.021882
5 0.703927 0.709672 0.090838 0.025674
2 0.168132 0.762514 0.093145 0.026131
2 0.264000 0.759008 0.087318 0.024453
2 0.699301 0.739834 0.106827 0.027444
5 0.170796 0.791637 0.090838 0.025674
5 0.705569 0.768081 0.108409 0.026448
5 0.185382 0.820415 0.125980 0.027222
5 0.715680 0.797594 0.094925 0.026920
