3 0.329608 0.485367 0.121046 0.022321
5 0.301350 0.516493 0.058625 0.022569
5 0.456558 0.515873 0.121046 0.025298
4 0.846057 0.512277 0.140025 0.023562
3 0.334458 0.559524 0.130747 0.023810
5 0.302404 0.590154 0.054829 0.020089
5 0.457191 0.589782 0.119781 0.025298
4 0.849220 0.584573 0.142978 0.022321
5 0.348798 0.651290 0.162801 0.026290
5 0.852172 0.647569 0.142134 0.023313
5 0.298819 0.685640 0.062843 0.023065
5 0.422185 0.684772 0.137495 0.028274
5 0.863771 0.678819 0.128216 0.024802
2 0.313581 0.750868 0.102488 0.024554
2 0.862294 0.746776 0.148882 0.023810
5 0.288908 0.785466 0.064108 0.022321
5 0.863771 0.780382 0.148461 0.024554
5 0.318220 0.820188 0.129481 0.023810
