5 0.130748 0.462095 0.038543 0.027895
3 0.253283 0.469721 0.188837 0.039813
3 0.390850 0.476334 0.072163 0.028786
5 0.543999 0.480216 0.119029 0.029735
4 0.715597 0.478483 0.107023 0.029389
5 0.178459 0.497477 0.078766 0.033329
5 0.253678 0.501044 0.059091 0.029732
5 0.449558 0.568329 0.067938 0.026929
5 0.754254 0.570454 0.024646 0.025782
5 0.407853 0.597837 0.148614 0.030812
5 0.712420 0.602583 0.109200 0.029461
2 0.430887 0.628535 0.098955 0.026747
2 0.711243 0.633695 0.108786 0.030160
5 0.436658 0.658252 0.081818 0.028693
5 0.711622 0.665013 0.108755 0.029799
5 0.416993 0.719831 0.115519 0.031331
5 0.752051 0.728534 0.022804 0.025733
