3 0.222011 0.572917 0.208729 0.030093
3 0.396584 0.574074 0.125237 0.027778
5 0.523719 0.604167 0.045541 0.023148
5 0.377609 0.604167 0.125237 0.027778
4 0.794118 0.614583 0.138520 0.034722
3 0.237192 0.636574 0.246679 0.027778
3 0.401328 0.635995 0.074004 0.031250
3 0.497154 0.635417 0.106262 0.025463
5 0.523719 0.667824 0.045541 0.025463
5 0.423150 0.666667 0.026565 0.023148
4 0.846300 0.681713 0.030361 0.025463
5 0.161290 0.731481 0.110057 0.027778
5 0.278937 0.728009 0.102467 0.025463
5 0.531309 0.730324 0.030361 0.025463
2 0.166034 0.793981 0.130930 0.032407
2 0.750474 0.805556 0.138520 0.039352
5 0.154649 0.855903 0.115750 0.028935
5 0.265655 0.855324 0.091082 0.025463
5 0.830171 0.876736 0.146110 0.040509
