5 0.236762 0.406260 0.018663 0.021283
3 0.303602 0.405008 0.069010 0.026291
3 0.377387 0.402973 0.062934 0.022848
3 0.452691 0.401565 0.068576 0.022535
4 0.728516 0.397809 0.144531 0.030047
5 0.239800 0.436307 0.020399 0.022535
3 0.305339 0.435055 0.066406 0.022535
3 0.380425 0.433020 0.064670 0.024100
3 0.469184 0.431142 0.095486 0.025352
3 0.544271 0.429734 0.032986 0.022535
4 0.731120 0.428482 0.146267 0.030047
5 0.240668 0.466354 0.018663 0.021283
3 0.284939 0.466354 0.018663 0.021283
3 0.329210 0.465102 0.050781 0.025039
3 0.387804 0.463693 0.052517 0.025352
3 0.462023 0.462441 0.081163 0.024726
4 0.730469 0.459311 0.144965 0.030360
5 0.241536 0.499844 0.020399 0.021283
5 0.329427 0.497809 0.052083 0.022848
5 0.382161 0.496401 0.035156 0.022535
5 0.432943 0.494366 0.054253 0.025352
5 0.522786 0.491706 0.110677 0.026291
2 0.272135 0.556651 0.138889 0.027230
2 0.735894 0.548983 0.145399 0.032551
