3 0.136836 0.330853 0.088915 0.014885
3 0.240185 0.332882 0.108545 0.017591
3 0.147806 0.351488 0.110855 0.014208
5 0.420901 0.333221 0.051963 0.015562
5 0.575058 0.332206 0.127021 0.017591
4 0.813510 0.330514 0.125866 0.016915
3 0.137413 0.380244 0.094688 0.014885
3 0.193418 0.382273 0.012702 0.004060
3 0.263857 0.380920 0.128176 0.017591
3 0.114896 0.401556 0.058891 0.016915
3 0.221132 0.401894 0.146651 0.016238
5 0.420901 0.382273 0.054273 0.017591
5 0.584296 0.381597 0.108545 0.018945
4 0.823326 0.379229 0.117783 0.019621
3 0.154157 0.430988 0.137413 0.014885
3 0.267898 0.432341 0.080831 0.017591
5 0.419746 0.430988 0.054273 0.016238
5 0.583141 0.432679 0.110855 0.015562
4 0.822748 0.431326 0.112009 0.019621
3 0.117783 0.467862 0.069284 0.016915
3 0.197460 0.467862 0.080831 0.015562
5 0.417436 0.470230 0.051963 0.023004
5 0.581986 0.467862 0.113164 0.020974
4 0.823903 0.467185 0.118938 0.019621
3 0.118938 0.505751 0.073903 0.015562
3 0.165704 0.507442 0.024249 0.013532
3 0.211894 0.506089 0.077367 0.017591
3 0.292148 0.506428 0.080831 0.016915
3 0.131062 0.527740 0.112009 0.017591
3 0.228637 0.528417 0.076212 0.017591
5 0.417436 0.505751 0.056582 0.016915
5 0.584296 0.507104 0.110855 0.016915
4 0.827945 0.506089 0.115473 0.016238
3 0.131640 0.558525 0.110855 0.016915
3 0.218245 0.558187 0.060046 0.014885
3 0.297344 0.558525 0.091224 0.015562
3 0.128176 0.580514 0.108545 0.018945
5 0.415127 0.559878 0.051963 0.016915
5 0.587182 0.561231 0.116628 0.018268
4 0.828522 0.560555 0.116628 0.022327
3 0.116628 0.610622 0.085450 0.016915
3 0.228637 0.610961 0.131640 0.016238
3 0.105081 0.631935 0.076212 0.017591
3 0.221709 0.632950 0.152425 0.015562
3 0.118938 0.655954 0.106236 0.015562
3 0.213048 0.654939 0.081986 0.017591
5 0.413395 0.613329 0.055427 0.016915
5 0.583141 0.613329 0.110855 0.016915
4 0.830831 0.612652 0.118938 0.015562
5 0.119515 0.687754 0.116628 0.016915
5 0.827945 0.690460 0.131640 0.018268
5 0.084296 0.728349 0.048499 0.019621
5 0.837760 0.732747 0.118938 0.021651
2 0.091224 0.771651 0.073903 0.020974
2 0.184758 0.771313 0.108545 0.017591
2 0.830831 0.772666 0.137413 0.020298
5 0.132217 0.813599 0.165127 0.016915
5 0.847575 0.815968 0.110855 0.018945
5 0.087182 0.892760 0.093533 0.023681
5 0.837760 0.894452 0.139723 0.021651
5 0.110277 0.960419 0.151270 0.019621
5 0.838337 0.962449 0.138568 0.018268
