3 0.093750 0.400960 0.104167 0.028812
3 0.218750 0.399760 0.125000 0.031212
3 0.340278 0.398559 0.104167 0.028812
5 0.538194 0.398559 0.041667 0.028812
5 0.668403 0.398559 0.121528 0.033613
4 0.892361 0.397359 0.125000 0.031212
3 0.088542 0.430972 0.086806 0.026411
3 0.156250 0.430972 0.027778 0.026411
3 0.250000 0.429772 0.138889 0.028812
3 0.380208 0.429772 0.100694 0.028812
3 0.491319 0.428571 0.100694 0.026411
5 0.538194 0.458583 0.041667 0.024010
5 0.666667 0.457383 0.118056 0.031212
4 0.885417 0.457383 0.118056 0.031212
5 0.081597 0.521008 0.065972 0.028812
5 0.175347 0.521008 0.100694 0.028812
5 0.888889 0.519808 0.125000 0.031212
2 0.473958 0.582233 0.100694 0.031212
2 0.585069 0.582233 0.100694 0.031212
2 0.894097 0.582233 0.121528 0.031212
5 0.182292 0.649460 0.086806 0.031212
5 0.899306 0.647059 0.125000 0.031212
5 0.579861 0.746699 0.125000 0.033613
5 0.909722 0.746699 0.125000 0.033613
