5 0.278241 0.372193 0.019444 0.020390
3 0.340509 0.372193 0.081019 0.020390
3 0.431250 0.372193 0.081019 0.020390
4 0.772917 0.374113 0.096759 0.021277
5 0.277315 0.395390 0.021296 0.018913
3 0.338657 0.396129 0.081019 0.020390
3 0.430324 0.396129 0.079167 0.020390
4 0.772917 0.398641 0.096759 0.022459
5 0.276389 0.419326 0.015741 0.018913
3 0.346528 0.420065 0.096759 0.020390
3 0.468981 0.420065 0.128704 0.022754
4 0.774074 0.422577 0.094444 0.022459
2 0.375000 0.476803 0.162037 0.040485
2 0.715741 0.479462 0.219444 0.042849
5 0.331713 0.507092 0.067130 0.020095
5 0.770139 0.508422 0.111574 0.023345
5 0.331713 0.531028 0.067130 0.020095
5 0.770139 0.532358 0.110648 0.022754
5 0.390741 0.563830 0.193519 0.040189
5 0.730787 0.565751 0.197685 0.041667
