3 0.184709 0.685032 0.182679 0.034178
3 0.348218 0.678698 0.117276 0.025044
3 0.460758 0.676488 0.083446 0.029464
5 0.331304 0.712139 0.160126 0.035946
5 0.498421 0.706394 0.040595 0.022687
4 0.742896 0.711402 0.160577 0.036830
3 0.185611 0.754125 0.182679 0.037419
3 0.338746 0.744402 0.101037 0.028580
3 0.440911 0.741014 0.078935 0.026517
5 0.322733 0.780200 0.179071 0.040071
5 0.498421 0.771803 0.044204 0.022687
4 0.736130 0.778874 0.177718 0.036830
5 0.508119 0.836476 0.024808 0.024160
5 0.150654 0.859163 0.110059 0.034178
5 0.265449 0.850913 0.094272 0.025339
2 0.695760 0.911461 0.183581 0.040955
2 0.156292 0.926193 0.124041 0.033883
5 0.141407 0.958456 0.089761 0.028285
5 0.186513 0.983206 0.181777 0.033589
5 0.771538 0.980112 0.188092 0.039776
