3 0.145884 0.597320 0.190471 0.046990
3 0.313106 0.586261 0.135372 0.043077
3 0.462465 0.577547 0.141130 0.042152
3 0.590333 0.571751 0.106163 0.039839
5 0.734111 0.564723 0.023584 0.028690
4 0.891268 0.554115 0.130821 0.047150
3 0.102077 0.637394 0.100602 0.039839
3 0.222712 0.630711 0.118531 0.041402
5 0.737706 0.601185 0.023741 0.032989
4 0.894338 0.593282 0.129929 0.044039
3 0.098983 0.676249 0.091578 0.039501
3 0.207813 0.672665 0.117403 0.038140
5 0.739164 0.640946 0.023663 0.030840
4 0.899101 0.629188 0.129850 0.047150
5 0.403699 0.762408 0.100444 0.040801
5 0.525967 0.756187 0.137746 0.037666
5 0.860504 0.731590 0.148947 0.045676
5 0.379816 0.804125 0.270769 0.057289
5 0.559512 0.791635 0.086948 0.042463
5 0.873163 0.767252 0.133077 0.048225
2 0.418157 0.865270 0.144199 0.040153
2 0.561765 0.854038 0.127304 0.039590
2 0.814531 0.863844 0.230044 0.060124
5 0.290362 0.906123 0.206120 0.046478
5 0.533730 0.890457 0.152055 0.040378
5 0.704537 0.959495 0.124944 0.027769
5 0.775403 0.951758 0.023347 0.022243
