3 0.277726 0.445559 0.280037 0.031519
5 0.536969 0.443768 0.024030 0.025072
4 0.752311 0.444126 0.144177 0.031519
3 0.176525 0.485315 0.079482 0.027937
3 0.281885 0.484599 0.112754 0.029370
3 0.403882 0.482808 0.109057 0.028653
5 0.536969 0.481375 0.016636 0.025788
4 0.761553 0.481734 0.121996 0.032235
3 0.212107 0.524713 0.156192 0.032235
5 0.537893 0.521848 0.018484 0.026504
4 0.754621 0.520774 0.143253 0.037249
5 0.171904 0.586318 0.077634 0.029370
5 0.263401 0.584885 0.090573 0.029370
5 0.755545 0.578080 0.148799 0.037249
5 0.200555 0.621418 0.134935 0.027937
5 0.769409 0.613897 0.126617 0.035817
5 0.173290 0.655444 0.082255 0.031519
5 0.769409 0.649355 0.128466 0.035100
5 0.213031 0.695559 0.161738 0.031519
5 0.821627 0.686963 0.024030 0.027221
2 0.211183 0.760745 0.165434 0.041547
2 0.750924 0.755372 0.187616 0.047994
