5 0.723380 0.699627 0.025463 0.026119
3 0.166667 0.703358 0.175926 0.029851
3 0.328704 0.703358 0.125000 0.029851
4 0.882523 0.698228 0.133102 0.032649
5 0.725694 0.733209 0.025463 0.026119
3 0.126157 0.738806 0.099537 0.029851
3 0.236690 0.737407 0.105324 0.032649
3 0.372106 0.735075 0.149306 0.033582
3 0.496528 0.734142 0.081019 0.027985
4 0.887731 0.733209 0.131944 0.029851
5 0.401620 0.874067 0.094907 0.031716
5 0.519676 0.873134 0.127315 0.029851
5 0.866898 0.874067 0.136574 0.031716
5 0.372106 0.915112 0.255787 0.041045
5 0.547454 0.913246 0.081019 0.031716
5 0.880787 0.913246 0.113426 0.031716
2 0.408565 0.993937 0.141204 0.012127
2 0.553241 0.994403 0.129630 0.011194
