5 0.093750 0.541406 0.029891 0.018750
3 0.241168 0.545703 0.213315 0.032031
3 0.415082 0.548047 0.077446 0.019531
4 0.834918 0.548047 0.153533 0.022656
5 0.189538 0.580469 0.161685 0.021875
5 0.311141 0.583594 0.027174 0.018750
5 0.186821 0.657422 0.216033 0.024219
5 0.835598 0.657813 0.152174 0.021875
2 0.146739 0.694531 0.133152 0.023438
2 0.835598 0.694922 0.154891 0.022656
5 0.131793 0.773047 0.111413 0.021094
5 0.836277 0.769922 0.153533 0.022656
5 0.198370 0.812109 0.244565 0.025781
5 0.901495 0.804688 0.025815 0.021875
