3 0.093220 0.555556 0.050847 0.027778
3 0.184019 0.554012 0.096852 0.030864
4 0.726392 0.543981 0.145278 0.029321
3 0.133777 0.592593 0.144068 0.032407
3 0.260291 0.590278 0.075061 0.029321
3 0.372881 0.588735 0.121065 0.029321
4 0.740920 0.585648 0.121065 0.029321
5 0.429177 0.622685 0.240920 0.033951
5 0.077482 0.664352 0.053269 0.029321
5 0.136804 0.663580 0.021792 0.027778
5 0.748184 0.656636 0.125908 0.029321
2 0.108959 0.702932 0.121065 0.032407
2 0.738499 0.695988 0.150121 0.030864
5 0.162833 0.739969 0.240920 0.037037
5 0.730024 0.734568 0.174334 0.030864
5 0.115012 0.780093 0.152542 0.032407
5 0.743341 0.773920 0.154964 0.032407
