5 0.166368 0.579830 0.026239 0.033287
3 0.214301 0.577667 0.055617 0.041400
3 0.276778 0.575946 0.055617 0.041400
3 0.386971 0.577483 0.159649 0.048170
5 0.582568 0.576187 0.143027 0.047665
4 0.820832 0.574377 0.154234 0.045995
5 0.168637 0.626944 0.026239 0.033287
3 0.266508 0.624488 0.155494 0.048043
3 0.415284 0.624482 0.137757 0.044693
5 0.636635 0.628493 0.030539 0.037028
4 0.882244 0.625096 0.030539 0.037028
5 0.166751 0.673931 0.026239 0.033287
3 0.266700 0.671539 0.159649 0.048170
3 0.406053 0.672153 0.113939 0.046781
5 0.632744 0.673610 0.034840 0.040769
4 0.880357 0.672084 0.030539 0.037028
5 0.171170 0.719301 0.030539 0.037028
3 0.248264 0.716214 0.117949 0.043293
3 0.366767 0.718004 0.113939 0.046781
5 0.630930 0.718790 0.034695 0.037154
4 0.878543 0.717264 0.038995 0.040895
5 0.171434 0.764544 0.026239 0.033287
3 0.219367 0.762382 0.055617 0.041400
3 0.287932 0.764464 0.076395 0.042031
3 0.385731 0.763816 0.113794 0.043167
5 0.600028 0.763087 0.093017 0.042536
4 0.835029 0.764797 0.122250 0.047034
5 0.173703 0.811658 0.026239 0.033287
3 0.236252 0.808130 0.092871 0.038921
3 0.336056 0.809352 0.093017 0.042536
5 0.591981 0.808078 0.113939 0.046781
4 0.826910 0.811595 0.143027 0.047665
5 0.161837 0.899960 0.167960 0.048422
5 0.817049 0.901767 0.155494 0.048043
5 0.198388 0.948115 0.248557 0.050757
5 0.540538 0.949460 0.097172 0.042662
5 0.613332 0.949862 0.034695 0.037154
5 0.835940 0.949386 0.113939 0.046781
5 0.114504 0.984925 0.072239 0.030150
5 0.534497 0.987369 0.113794 0.025262
5 0.617679 0.989262 0.030539 0.021475
5 0.824776 0.985516 0.137612 0.028968
