5 0.109906 0.619410 0.025959 0.033879
3 0.280768 0.609314 0.185558 0.040712
3 0.458177 0.601327 0.156597 0.035758
4 0.821068 0.592131 0.146207 0.040057
5 0.110347 0.655606 0.025734 0.030738
5 0.262889 0.645032 0.159533 0.040427
5 0.411789 0.636958 0.129556 0.036217
5 0.885867 0.625858 0.032170 0.030985
5 0.177001 0.715221 0.173646 0.048772
5 0.274274 0.706787 0.023701 0.032226
5 0.829619 0.689027 0.147561 0.034767
2 0.149073 0.752920 0.108328 0.037750
2 0.832008 0.722786 0.147617 0.034767
5 0.245292 0.775580 0.112450 0.044774
5 0.389000 0.761823 0.162864 0.049105
5 0.140904 0.789446 0.086949 0.035383
5 0.678668 0.759370 0.173716 0.036802
5 0.831404 0.759023 0.136610 0.034356
