3 0.186006 0.566386 0.226148 0.026698
3 0.347480 0.565922 0.072204 0.022494
5 0.357140 0.595435 0.135486 0.026566
5 0.522154 0.594417 0.045931 0.020719
4 0.809633 0.593343 0.132426 0.025228
3 0.208470 0.627925 0.268796 0.028754
3 0.389607 0.627402 0.075496 0.028266
3 0.492827 0.624663 0.108617 0.024780
5 0.410822 0.655900 0.030026 0.022981
5 0.522470 0.654442 0.048395 0.022046
4 0.860450 0.650973 0.027562 0.021654
5 0.134747 0.722567 0.114057 0.026163
5 0.262967 0.719353 0.108596 0.024459
5 0.535160 0.712307 0.030538 0.021710
2 0.149352 0.787138 0.124363 0.025116
2 0.769782 0.769208 0.130025 0.024862
5 0.132383 0.819393 0.085656 0.025443
5 0.850710 0.827074 0.127048 0.024806
5 0.187334 0.849669 0.181753 0.026202
5 0.850189 0.855820 0.129367 0.028322
5 0.169638 0.883859 0.142411 0.034111
