3 0.238718 0.586034 0.085740 0.022377
3 0.323105 0.584105 0.063177 0.026235
3 0.400271 0.585648 0.071300 0.023148
3 0.463899 0.585262 0.028881 0.025463
5 0.543773 0.585262 0.009928 0.022377
5 0.620487 0.584877 0.062274 0.024691
4 0.759477 0.583719 0.074910 0.023920
3 0.237816 0.618056 0.092960 0.027778
3 0.316336 0.618056 0.046029 0.024691
3 0.386733 0.618056 0.073105 0.024691
3 0.449458 0.617284 0.028881 0.024691
5 0.543321 0.617284 0.009025 0.021605
5 0.615072 0.617284 0.067690 0.021605
4 0.754964 0.616512 0.087545 0.023148
3 0.236462 0.652392 0.084838 0.028549
3 0.328069 0.650077 0.078520 0.027006
3 0.429152 0.648920 0.100181 0.023148
5 0.543321 0.647762 0.010830 0.023920
5 0.621390 0.648920 0.062274 0.026235
4 0.759928 0.649306 0.079422 0.027006
5 0.513538 0.716435 0.079422 0.030093
5 0.592509 0.716435 0.060469 0.028549
5 0.754061 0.719136 0.094765 0.027778
2 0.587094 0.786265 0.076715 0.024691
2 0.758574 0.789738 0.092960 0.025463
5 0.583935 0.821373 0.079422 0.027006
5 0.757671 0.826003 0.091155 0.027006
5 0.569946 0.855710 0.109206 0.030864
5 0.760830 0.862654 0.093863 0.027778
5 0.533394 0.890818 0.068592 0.027006
5 0.615523 0.893904 0.083032 0.027006
