5 0.106141 0.577281 0.018199 0.021495
3 0.217495 0.573320 0.075309 0.026734
3 0.298111 0.571259 0.060969 0.024620
4 0.711541 0.556553 0.110971 0.029606
5 0.104761 0.605549 0.020692 0.023188
3 0.204330 0.602814 0.044509 0.025638
3 0.248285 0.602863 0.018199 0.021495
3 0.290869 0.600542 0.042264 0.027162
4 0.715023 0.586260 0.113216 0.028083
5 0.405632 0.656123 0.058848 0.027752
5 0.488617 0.653977 0.091893 0.027324
5 0.725540 0.645549 0.115834 0.031383
5 0.402048 0.748164 0.115710 0.029775
5 0.492079 0.744961 0.042264 0.027162
5 0.534663 0.742640 0.023186 0.024880
5 0.748018 0.736663 0.099249 0.030793
2 0.506140 0.834762 0.094387 0.029016
2 0.752855 0.814698 0.132160 0.059226
5 0.520035 0.860874 0.080295 0.030119
5 0.758328 0.854816 0.120696 0.033160
