3 0.197372 0.534566 0.087446 0.029225
3 0.291631 0.534523 0.082977 0.031283
5 0.541295 0.526550 0.023121 0.023464
5 0.621982 0.527583 0.115684 0.030022
4 0.822448 0.523526 0.111223 0.027902
5 0.545021 0.559715 0.023121 0.023464
5 0.627965 0.560777 0.117862 0.029964
4 0.831757 0.559246 0.113519 0.029586
3 0.176776 0.569904 0.045770 0.027064
3 0.263661 0.571837 0.105586 0.031822
5 0.843304 0.595823 0.115776 0.029615
5 0.201806 0.609137 0.106748 0.029499
5 0.871367 0.673181 0.104300 0.031793
5 0.173940 0.689091 0.068419 0.030664
5 0.277256 0.687930 0.111130 0.033390
5 0.355785 0.684795 0.029971 0.026862
2 0.182596 0.728529 0.115624 0.029165
2 0.310730 0.728099 0.109005 0.029528
2 0.870373 0.715393 0.122336 0.031562
5 0.888027 0.756189 0.127180 0.034726
5 0.179325 0.771126 0.117862 0.033304
5 0.194060 0.816023 0.163080 0.036037
5 0.924818 0.799712 0.070406 0.033911
