3 0.263643 0.542886 0.148840 0.036199
3 0.405969 0.545897 0.115778 0.036625
3 0.505232 0.544099 0.066600 0.038518
5 0.133288 0.546364 0.026791 0.032871
4 0.850833 0.546707 0.133879 0.038239
3 0.242578 0.580895 0.120981 0.040812
3 0.402661 0.577673 0.193442 0.040065
5 0.126012 0.581963 0.026791 0.032871
4 0.857023 0.584868 0.141015 0.045624
3 0.237969 0.613667 0.121650 0.040854
3 0.351868 0.615426 0.096521 0.043748
3 0.463361 0.616139 0.121240 0.044790
5 0.121209 0.617667 0.031735 0.033080
4 0.859635 0.620884 0.141015 0.045624
3 0.235313 0.654395 0.126184 0.044999
3 0.349278 0.655212 0.096521 0.043748
3 0.460770 0.655925 0.121240 0.044790
5 0.116275 0.655359 0.027050 0.036850
4 0.858410 0.658733 0.144005 0.041958
3 0.232722 0.694181 0.126184 0.044999
3 0.405034 0.694465 0.223104 0.043305
5 0.111213 0.695041 0.031994 0.037058
4 0.861999 0.698780 0.146218 0.049811
2 0.560075 0.805732 0.121499 0.048769
2 0.850578 0.798036 0.167547 0.074517
5 0.133901 0.879516 0.101206 0.039978
5 0.847220 0.887659 0.160790 0.046458
5 0.166434 0.912805 0.160531 0.042480
5 0.904342 0.923979 0.031476 0.029101
