5 0.252901 0.361889 0.022697 0.023119
3 0.371058 0.365843 0.168508 0.031541
3 0.519868 0.370129 0.081554 0.025284
4 0.780395 0.368001 0.164860 0.032576
5 0.253271 0.392409 0.025148 0.023146
3 0.370224 0.395968 0.168508 0.030778
3 0.547237 0.399417 0.137918 0.025896
4 0.779539 0.398126 0.164860 0.030288
5 0.252416 0.422915 0.025148 0.023146
3 0.327117 0.425252 0.081597 0.026809
3 0.452055 0.428135 0.115906 0.027182
3 0.548854 0.429187 0.025148 0.023146
3 0.628520 0.429290 0.086456 0.025337
4 0.775388 0.458731 0.167161 0.027947
5 0.248233 0.484664 0.030092 0.024725
3 0.383016 0.486128 0.191832 0.026482
4 0.773909 0.489612 0.164918 0.027714
5 0.249806 0.515959 0.025148 0.023146
3 0.340479 0.516945 0.113455 0.027155
4 0.775462 0.521670 0.160017 0.027661
5 0.248930 0.547229 0.025190 0.024671
3 0.377608 0.547864 0.189424 0.027981
4 0.773994 0.552170 0.161199 0.030698
5 0.389639 0.577747 0.216237 0.026651
5 0.759617 0.583674 0.188199 0.031754
5 0.323198 0.608692 0.087559 0.027300
5 0.336993 0.641258 0.113412 0.025630
5 0.757874 0.645831 0.195444 0.035620
5 0.567848 0.669705 0.032542 0.024751
5 0.636444 0.671213 0.057091 0.026543
5 0.386196 0.700536 0.218859 0.031227
5 0.768309 0.711172 0.173345 0.037642
5 0.319616 0.736431 0.084048 0.026836
5 0.782071 0.744882 0.148839 0.037363
2 0.345158 0.765317 0.140375 0.032869
2 0.685739 0.770931 0.325005 0.052245
5 0.331996 0.797590 0.118298 0.032359
5 0.769236 0.809213 0.178054 0.044506
5 0.356818 0.830290 0.167375 0.031024
5 0.821478 0.847551 0.071688 0.034945
