5 0.055432 0.596520 0.026608 0.028169
3 0.164080 0.597349 0.079823 0.029826
3 0.273836 0.598177 0.124169 0.028169
4 0.767184 0.603977 0.110865 0.029826
5 0.055432 0.625518 0.026608 0.026512
3 0.151885 0.625518 0.050998 0.026512
3 0.220621 0.626346 0.077605 0.028169
3 0.335366 0.626346 0.140798 0.031483
4 0.767184 0.632974 0.110865 0.028169
5 0.055432 0.653687 0.026608 0.026512
3 0.174058 0.654515 0.095344 0.028169
3 0.267184 0.654515 0.082040 0.028169
3 0.379157 0.654515 0.128603 0.028169
4 0.754989 0.660315 0.135255 0.029826
5 0.053215 0.682684 0.026608 0.028169
3 0.188470 0.682684 0.124169 0.028169
3 0.338137 0.684341 0.157428 0.028169
3 0.471175 0.683513 0.104213 0.029826
4 0.752772 0.690141 0.130820 0.029826
5 0.099778 0.739022 0.124169 0.028169
5 0.190687 0.739022 0.039911 0.024855
5 0.753326 0.745236 0.134146 0.033969
5 0.078714 0.767191 0.077605 0.028169
5 0.168514 0.767191 0.088692 0.028169
5 0.764967 0.774648 0.110865 0.029826
5 0.099778 0.796189 0.119734 0.026512
5 0.252217 0.796603 0.176275 0.035626
5 0.753326 0.804474 0.134146 0.034797
5 0.124723 0.825186 0.176275 0.034797
5 0.797118 0.831814 0.042129 0.028169
2 0.086475 0.854184 0.106430 0.026512
2 0.753880 0.859983 0.133038 0.031483
5 0.109756 0.882353 0.144124 0.029826
5 0.227273 0.881524 0.077605 0.028169
5 0.753326 0.889809 0.136364 0.036454
