5 0.113594 0.415205 0.022346 0.018713
3 0.182495 0.414035 0.100559 0.025731
3 0.281192 0.415205 0.081937 0.023392
3 0.378026 0.414035 0.096834 0.021053
4 0.748603 0.409357 0.115456 0.025731
5 0.109870 0.439766 0.022346 0.021053
3 0.152700 0.438596 0.048417 0.023392
3 0.216015 0.438596 0.063315 0.023392
4 0.761639 0.432749 0.104283 0.025731
5 0.199255 0.488889 0.156425 0.025731
5 0.761639 0.484211 0.119181 0.025731
5 0.145251 0.516959 0.048417 0.025731
5 0.193669 0.516959 0.018622 0.021053
5 0.774674 0.509942 0.108007 0.025731
2 0.147114 0.554386 0.145251 0.046784
2 0.772812 0.546199 0.126629 0.042105
5 0.152700 0.688889 0.115456 0.046784
5 0.798883 0.679532 0.141527 0.051462
