3 0.229375 0.455844 0.029727 0.027769
3 0.277877 0.455537 0.049109 0.027357
3 0.339596 0.454387 0.056163 0.028118
5 0.406179 0.454509 0.016455 0.026926
4 0.552572 0.453909 0.087022 0.027859
3 0.229727 0.490247 0.028799 0.025753
3 0.278677 0.490268 0.052605 0.026068
3 0.352022 0.490296 0.075826 0.027051
5 0.429942 0.490606 0.009386 0.024829
4 0.557804 0.489923 0.076426 0.026371
2 0.247075 0.554478 0.064098 0.028200
2 0.553504 0.550778 0.087827 0.025187
5 0.248227 0.623289 0.064995 0.028235
5 0.551934 0.617603 0.083495 0.027812
5 0.259987 0.655203 0.087068 0.029862
5 0.587695 0.650532 0.017634 0.024278
