5 0.166601 0.428286 0.023449 0.026099
3 0.267196 0.423336 0.149192 0.032286
3 0.366889 0.419913 0.025544 0.026202
3 0.435000 0.416562 0.086320 0.029193
3 0.541882 0.411303 0.103086 0.030018
4 0.831678 0.402972 0.115953 0.033585
5 0.164146 0.456561 0.025544 0.026202
3 0.267957 0.452194 0.149338 0.033761
3 0.369600 0.447193 0.025398 0.024728
3 0.438832 0.444528 0.084224 0.029090
3 0.545714 0.439269 0.100990 0.029914
4 0.836411 0.429411 0.115953 0.033585
5 0.285529 0.565429 0.170296 0.034792
5 0.837752 0.538258 0.130770 0.035782
5 0.236067 0.597498 0.069701 0.029842
5 0.320870 0.592585 0.067752 0.031214
5 0.853037 0.564919 0.113858 0.033482
2 0.313110 0.652239 0.203974 0.037916
2 0.790008 0.624331 0.259437 0.049393
5 0.257148 0.714265 0.092900 0.032451
5 0.866648 0.675385 0.139761 0.041938
5 0.280622 0.743857 0.129795 0.027826
5 0.881032 0.703573 0.121046 0.039535
