3 0.206547 0.572079 0.109494 0.023910
3 0.302133 0.570951 0.088564 0.023918
5 0.599977 0.570868 0.020833 0.020831
4 0.753959 0.570195 0.125901 0.028933
5 0.228521 0.603861 0.068262 0.023679
5 0.600804 0.602900 0.020833 0.020831
5 0.805569 0.602772 0.031102 0.025527
5 0.261492 0.635513 0.132550 0.024437
5 0.601689 0.637219 0.020833 0.020831
5 0.772560 0.635203 0.092006 0.026246
5 0.757684 0.681724 0.129707 0.027102
5 0.220408 0.682916 0.142760 0.026845
5 0.241536 0.714708 0.183363 0.027324
5 0.769582 0.716486 0.108983 0.028734
2 0.190808 0.749065 0.089163 0.025293
2 0.763700 0.750885 0.129285 0.028973
5 0.184037 0.781758 0.064938 0.025927
5 0.259321 0.780870 0.099284 0.028645
5 0.382065 0.782854 0.149586 0.029213
5 0.763696 0.783499 0.129648 0.029390
5 0.189162 0.849214 0.078413 0.023798
5 0.775648 0.853163 0.119556 0.034126
5 0.208688 0.884458 0.115691 0.026526
5 0.783316 0.887975 0.099284 0.028645
