5 0.258574 0.654170 0.015343 0.027330
3 0.322653 0.652768 0.092960 0.028732
3 0.406137 0.651717 0.063177 0.026629
4 0.655235 0.650315 0.090253 0.025228
5 0.287455 0.680098 0.044224 0.027330
5 0.357852 0.679397 0.076715 0.025929
5 0.440433 0.677996 0.072202 0.023125
5 0.309116 0.732656 0.118231 0.030133
5 0.654783 0.729502 0.087545 0.023826
5 0.309567 0.759986 0.117329 0.027330
5 0.690433 0.757183 0.023466 0.027330
2 0.288809 0.786615 0.074007 0.028732
2 0.657942 0.782411 0.088448 0.027330
5 0.291516 0.839523 0.075812 0.028031
5 0.657491 0.836370 0.089350 0.025929
5 0.319495 0.863700 0.133574 0.030133
5 0.691787 0.863700 0.017148 0.021724
