3 0.267544 0.458869 0.314035 0.033419
5 0.128070 0.496144 0.017544 0.023136
5 0.292982 0.496144 0.108772 0.028278
4 0.796491 0.502571 0.119298 0.030848
3 0.251754 0.530848 0.292982 0.030848
5 0.114035 0.566838 0.017544 0.025707
5 0.284211 0.569409 0.112281 0.030848
4 0.795614 0.577763 0.121053 0.034704
5 0.092982 0.619537 0.080702 0.028278
5 0.191228 0.623393 0.115789 0.030848
5 0.792105 0.635604 0.128070 0.037275
2 0.167544 0.701157 0.254386 0.039846
2 0.792982 0.719794 0.126316 0.033419
5 0.120175 0.760283 0.173684 0.037275
5 0.790351 0.781491 0.124561 0.035990
5 0.153509 0.822622 0.247368 0.038560
5 0.789474 0.840617 0.119298 0.028278
