3 0.191991 0.527200 0.120141 0.019200
3 0.322733 0.528000 0.117786 0.019200
3 0.419317 0.528000 0.051826 0.019200
4 0.776207 0.529600 0.087161 0.019200
3 0.169611 0.552800 0.089517 0.020800
3 0.236749 0.552000 0.021201 0.019200
4 0.776207 0.552800 0.106007 0.020800
3 0.160188 0.578400 0.094229 0.020800
3 0.228504 0.576000 0.023557 0.019200
4 0.779741 0.577600 0.108363 0.022400
3 0.147232 0.604000 0.073027 0.020800
3 0.249706 0.603200 0.108363 0.022400
3 0.369847 0.603200 0.108363 0.022400
4 0.787986 0.604000 0.110718 0.024000
3 0.117786 0.632000 0.042403 0.022400
3 0.196702 0.632000 0.096584 0.022400
3 0.275618 0.631200 0.037691 0.020800
3 0.338045 0.630400 0.058893 0.022400
4 0.791519 0.631200 0.113074 0.024000
5 0.156655 0.692800 0.153121 0.025600
5 0.795053 0.692800 0.134276 0.028800
5 0.098940 0.725600 0.061249 0.024000
5 0.194346 0.724800 0.091873 0.025600
5 0.809187 0.726400 0.120141 0.028800
5 0.103651 0.796000 0.106007 0.027200
5 0.871614 0.797600 0.023557 0.027200
2 0.084806 0.836800 0.084806 0.028800
2 0.166078 0.837600 0.044759 0.027200
2 0.253239 0.836800 0.101296 0.028800
2 0.816254 0.839200 0.148410 0.033600
5 0.084806 0.919600 0.110718 0.034400
5 0.825677 0.924800 0.148410 0.035200
