5 0.165397 0.671875 0.073993 0.035937
3 0.286181 0.671875 0.121872 0.035937
3 0.431991 0.675000 0.124048 0.037500
3 0.575626 0.674609 0.113166 0.039844
4 0.831338 0.673047 0.145811 0.032031
5 0.144178 0.715625 0.014146 0.031250
3 0.242111 0.719141 0.125136 0.036719
3 0.371600 0.713672 0.096844 0.036719
3 0.479869 0.714844 0.071817 0.032813
4 0.832971 0.715234 0.140370 0.035156
5 0.232318 0.798047 0.186072 0.035156
5 0.831882 0.800391 0.146899 0.032031
2 0.200218 0.837500 0.117519 0.037500
2 0.826986 0.840234 0.145811 0.032031
5 0.217084 0.919141 0.136017 0.038281
5 0.376496 0.922266 0.143634 0.035156
5 0.495103 0.922656 0.045702 0.032813
5 0.825898 0.923438 0.141458 0.034375
