5 0.149732 0.441236 0.023431 0.017721
3 0.291250 0.441978 0.128078 0.020245
3 0.417529 0.442977 0.100605 0.021319
4 0.794446 0.444315 0.099769 0.020797
5 0.149259 0.463969 0.021546 0.019846
3 0.274000 0.465210 0.096551 0.021244
3 0.381039 0.465580 0.099733 0.020257
4 0.794952 0.467607 0.099839 0.021879
5 0.149729 0.487801 0.021546 0.019846
3 0.237981 0.488363 0.023573 0.019884
3 0.283698 0.487590 0.045943 0.021381
3 0.397850 0.487822 0.168692 0.022082
4 0.786859 0.490468 0.118920 0.022741
5 0.439963 0.534360 0.064116 0.020640
5 0.527744 0.534641 0.095158 0.020454
5 0.773190 0.536507 0.118084 0.022219
5 0.429387 0.602927 0.116893 0.022703
5 0.520715 0.603005 0.043845 0.020262
5 0.565348 0.603295 0.027557 0.018878
5 0.781312 0.606236 0.102703 0.022439
2 0.525625 0.667529 0.094524 0.021206
2 0.771342 0.661408 0.131942 0.039516
5 0.534958 0.687737 0.079391 0.019096
5 0.773763 0.690562 0.118920 0.022741
5 0.506610 0.733233 0.130141 0.020823
5 0.773724 0.737668 0.116964 0.023785
5 0.199606 0.826599 0.027627 0.019960
5 0.278701 0.827531 0.112839 0.022628
