5 0.066806 0.061099 0.019079 0.018459
3 0.215501 0.061252 0.156192 0.030497
3 0.346465 0.062486 0.085459 0.029829
3 0.455144 0.061431 0.099297 0.022538
4 0.762534 0.062663 0.156434 0.031357
5 0.067406 0.090203 0.022214 0.020150
3 0.184545 0.089644 0.083945 0.024055
3 0.292387 0.090659 0.102432 0.024229
4 0.764660 0.092612 0.154794 0.028484
5 0.067951 0.120969 0.025349 0.021841
3 0.172739 0.121125 0.056214 0.023794
3 0.276756 0.121689 0.128515 0.030236
4 0.761355 0.123342 0.154920 0.028047
5 0.068524 0.150905 0.028430 0.021870
5 0.413671 0.152492 0.145623 0.026298
3 0.206344 0.177975 0.126974 0.021137
3 0.334214 0.179179 0.105406 0.020934
4 0.762661 0.178218 0.156496 0.026822
5 0.065262 0.204082 0.031511 0.021899
5 0.413518 0.204868 0.148650 0.024664
3 0.181433 0.233443 0.074648 0.022306
3 0.300086 0.233729 0.127082 0.024461
3 0.418793 0.232353 0.080810 0.022364
4 0.764751 0.232285 0.161037 0.030118
5 0.340319 0.323897 0.102432 0.024229
5 0.477486 0.323526 0.142488 0.024606
5 0.753306 0.324461 0.176489 0.028250
5 0.323918 0.354504 0.176327 0.023263
5 0.488842 0.353563 0.117838 0.024374
5 0.763122 0.354483 0.148758 0.027989
5 0.396979 0.382628 0.083945 0.024055
5 0.503280 0.383629 0.093189 0.024142
5 0.762154 0.384404 0.154920 0.028047
2 0.477716 0.411655 0.142488 0.024606
2 0.745064 0.412094 0.173335 0.027479
5 0.108146 0.640962 0.127082 0.024461
5 0.229907 0.640445 0.080864 0.024026
5 0.704600 0.639096 0.173354 0.026559
5 0.806590 0.725689 0.031457 0.020237
5 0.130622 0.732210 0.179631 0.025759
