5 0.117217 0.518550 0.025052 0.021781
3 0.217662 0.516227 0.148729 0.027072
3 0.347978 0.508837 0.093056 0.026050
3 0.438738 0.506433 0.066098 0.021538
4 0.850339 0.498724 0.159176 0.023744
5 0.119167 0.554712 0.022479 0.021702
3 0.231060 0.550528 0.164172 0.027546
3 0.429345 0.538415 0.203796 0.031700
4 0.850665 0.531162 0.159445 0.023072
5 0.122270 0.589329 0.022479 0.021702
3 0.220006 0.585579 0.141008 0.026836
3 0.351407 0.576269 0.105790 0.028623
3 0.481147 0.569275 0.134034 0.032501
4 0.852279 0.563561 0.156737 0.023151
5 0.126856 0.640502 0.022479 0.021702
3 0.250496 0.645014 0.200683 0.037562
3 0.228765 0.618514 0.154894 0.031706
3 0.392813 0.605940 0.162345 0.033369
3 0.556824 0.600159 0.140873 0.025331
4 0.855072 0.609130 0.154230 0.023982
5 0.164550 0.722732 0.095629 0.030487
5 0.278544 0.713202 0.116220 0.029691
5 0.847557 0.690858 0.181525 0.027748
5 0.223296 0.751891 0.204341 0.038394
5 0.904301 0.726472 0.066115 0.025912
5 0.211565 0.786942 0.174945 0.034516
5 0.876046 0.756463 0.128290 0.023408
5 0.205592 0.821082 0.156928 0.032459
5 0.864655 0.788057 0.151724 0.024814
5 0.236668 0.850693 0.213686 0.036452
5 0.388221 0.835127 0.073685 0.029777
5 0.903114 0.821213 0.076393 0.021854
2 0.388095 0.899271 0.149207 0.036619
2 0.853580 0.880083 0.173382 0.023385
2 0.221642 0.913409 0.172438 0.034437
