5 0.075361 0.546771 0.022448 0.025049
3 0.186799 0.548141 0.142704 0.030137
3 0.326029 0.548924 0.119722 0.027789
4 0.730358 0.554795 0.126670 0.034834
5 0.425441 0.622505 0.172100 0.030137
5 0.714858 0.627397 0.125601 0.036008
5 0.472207 0.660274 0.077499 0.028180
5 0.724479 0.663209 0.104222 0.034051
2 0.401390 0.745401 0.150722 0.055186
2 0.721272 0.751859 0.161945 0.068102
5 0.492250 0.801370 0.098343 0.033268
5 0.749599 0.804697 0.121325 0.033659
5 0.452966 0.843249 0.140567 0.034834
5 0.730893 0.843053 0.125601 0.033659
