3 0.172518 0.669284 0.090799 0.033159
3 0.302663 0.671030 0.145278 0.029668
5 0.529056 0.670157 0.021792 0.027923
5 0.617433 0.671902 0.125908 0.031414
4 0.832930 0.671902 0.125908 0.031414
3 0.219128 0.711169 0.186441 0.029668
3 0.378935 0.711169 0.104116 0.029668
5 0.530266 0.712042 0.024213 0.027923
5 0.628329 0.712042 0.108959 0.031414
4 0.843826 0.713787 0.108959 0.031414
5 0.150121 0.794066 0.072639 0.031414
5 0.840194 0.797557 0.128329 0.031414
5 0.148910 0.839442 0.070218 0.031414
5 0.253027 0.838569 0.108959 0.033159
5 0.332930 0.838569 0.031477 0.029668
5 0.852906 0.840314 0.112591 0.038394
2 0.161017 0.883072 0.116223 0.031414
2 0.285714 0.881326 0.106538 0.031414
2 0.842615 0.884817 0.128329 0.031414
5 0.159806 0.927574 0.111380 0.033159
5 0.844431 0.928447 0.127119 0.036649
