3 0.252961 0.461246 0.210875 0.034321
5 0.111086 0.460351 0.027706 0.024072
4 0.858875 0.462117 0.143653 0.033196
3 0.213400 0.490500 0.131267 0.023231
3 0.382290 0.491799 0.161040 0.031944
5 0.110015 0.488265 0.025381 0.023783
4 0.860684 0.492169 0.147696 0.031405
3 0.225795 0.516589 0.161131 0.029055
3 0.391257 0.517340 0.135507 0.024914
5 0.109878 0.516805 0.034226 0.023130
4 0.860623 0.520228 0.143653 0.033196
3 0.266678 0.547304 0.235724 0.028590
5 0.107568 0.545278 0.038725 0.026113
5 0.266998 0.572956 0.130461 0.031829
4 0.846702 0.580756 0.169733 0.034004
3 0.263373 0.602839 0.234007 0.025634
3 0.518308 0.606899 0.241697 0.031614
5 0.112880 0.601564 0.040594 0.024254
5 0.264171 0.632376 0.127057 0.025224
4 0.847060 0.639829 0.171907 0.032078
3 0.212429 0.662704 0.140872 0.029277
3 0.364054 0.663532 0.126510 0.029075
5 0.105707 0.660849 0.036096 0.023157
4 0.860974 0.670218 0.143045 0.029345
5 0.194997 0.717802 0.206528 0.034186
5 0.845890 0.731194 0.171755 0.033109
2 0.156599 0.746608 0.134200 0.028112
2 0.844591 0.760182 0.173624 0.031250
5 0.168910 0.806500 0.160584 0.029883
5 0.344320 0.809513 0.162453 0.028988
5 0.474645 0.814034 0.067586 0.030840
5 0.846111 0.819737 0.169125 0.030153
