3 0.162588 0.524581 0.190130 0.027404
3 0.314908 0.524090 0.098773 0.026326
3 0.413032 0.525248 0.098773 0.026326
3 0.563631 0.525881 0.190189 0.029692
5 0.714230 0.526515 0.024217 0.020871
4 0.866520 0.527168 0.132668 0.029013
5 0.393161 0.639448 0.098773 0.026326
5 0.508232 0.639661 0.132668 0.029013
5 0.844958 0.641347 0.136052 0.029053
5 0.360977 0.673398 0.254752 0.031344
5 0.536136 0.673177 0.081974 0.030702
5 0.859327 0.674703 0.112426 0.031062
2 0.394570 0.748749 0.143182 0.029230
2 0.537541 0.749864 0.129285 0.028973
2 0.810219 0.774253 0.197083 0.040031
5 0.342218 0.777311 0.173271 0.029493
5 0.517362 0.777662 0.166749 0.033527
5 0.675754 0.902548 0.129167 0.024397
5 0.751973 0.900015 0.030984 0.020951
