5 0.042824 0.602249 0.020833 0.034765
3 0.112269 0.603272 0.085648 0.036810
3 0.233796 0.605828 0.129630 0.039877
4 0.815972 0.605317 0.127315 0.036810
5 0.047454 0.644172 0.020833 0.032720
3 0.115741 0.645194 0.083333 0.034765
3 0.235532 0.648773 0.128472 0.039877
3 0.354167 0.648262 0.083333 0.036810
4 0.815972 0.648262 0.127315 0.036810
5 0.151042 0.731084 0.163194 0.036810
5 0.817130 0.737219 0.125000 0.038855
5 0.092593 0.775051 0.046296 0.036810
5 0.143519 0.776074 0.023148 0.034765
5 0.827546 0.782209 0.108796 0.038855
2 0.168403 0.835378 0.204861 0.073620
2 0.758102 0.842536 0.256944 0.073620
5 0.019676 0.833333 0.039352 0.059305
5 0.138889 0.992843 0.111111 0.014315
5 0.215278 0.997955 0.023148 0.004090
