5 0.607292 0.577828 0.039583 0.031891
5 0.116146 0.573652 0.115625 0.026576
5 0.487500 0.575171 0.104167 0.029613
2 0.107813 0.654518 0.101042 0.030372
2 0.736979 0.651481 0.155208 0.027335
5 0.204687 0.654138 0.094792 0.029613
5 0.271875 0.653759 0.041667 0.034928
5 0.173437 0.768413 0.155208 0.034928
5 0.309375 0.768793 0.075000 0.029613
5 0.465625 0.764996 0.195833 0.032650
5 0.736979 0.761579 0.153125 0.028853
3 0.124479 0.535687 0.098958 0.026576
3 0.248438 0.537585 0.115625 0.030372
3 0.351042 0.538345 0.058333 0.025816
3 0.470833 0.542521 0.135417 0.031131
3 0.565625 0.544419 0.008333 0.016705
3 0.612500 0.543280 0.039583 0.028094
4 0.728646 0.542901 0.167708 0.027335
