5 0.239759 0.538620 0.022186 0.021124
3 0.285202 0.538582 0.051086 0.022628
3 0.377593 0.537798 0.112685 0.024810
3 0.492709 0.536850 0.096552 0.024618
4 0.740714 0.537489 0.100476 0.025194
5 0.240157 0.564571 0.016674 0.021348
3 0.316173 0.564752 0.114948 0.024148
3 0.462088 0.563446 0.159812 0.025372
3 0.599684 0.563636 0.099232 0.025214
4 0.741942 0.564172 0.097489 0.025814
2 0.339018 0.626337 0.160316 0.045079
2 0.693412 0.626791 0.198456 0.047221
5 0.293813 0.658557 0.067652 0.023115
5 0.734212 0.658877 0.111016 0.023319
5 0.354501 0.693489 0.195104 0.044363
5 0.693567 0.695354 0.200564 0.052152
