5 0.093750 0.575231 0.020833 0.025463
3 0.152778 0.575231 0.069444 0.030093
3 0.248264 0.575231 0.093750 0.030093
3 0.352431 0.575231 0.093750 0.030093
4 0.821181 0.576389 0.114583 0.032407
5 0.088542 0.609954 0.024306 0.025463
3 0.149306 0.609954 0.069444 0.030093
3 0.255208 0.608796 0.114583 0.032407
3 0.380208 0.608796 0.114583 0.032407
4 0.826389 0.611111 0.118056 0.032407
5 0.081597 0.645833 0.024306 0.027778
3 0.142361 0.643519 0.069444 0.032407
3 0.262153 0.643519 0.135417 0.032407
3 0.420139 0.643519 0.159722 0.032407
4 0.829861 0.646991 0.118056 0.034722
5 0.381944 0.715278 0.184028 0.034722
5 0.824653 0.718750 0.142361 0.034722
5 0.050347 0.716435 0.100694 0.034722
5 0.112847 0.715278 0.031250 0.032407
2 0.329861 0.753472 0.076389 0.034722
2 0.826389 0.756944 0.145833 0.037037
5 0.031250 0.752315 0.062500 0.032407
5 0.109375 0.753472 0.031250 0.030093
5 0.338542 0.791667 0.100694 0.032407
5 0.828125 0.795139 0.142361 0.034722
5 0.359375 0.827546 0.142361 0.034722
5 0.842014 0.832176 0.121528 0.034722
