5 0.151815 0.380998 0.030101 0.018112
3 0.257757 0.383960 0.100332 0.020082
3 0.394632 0.387173 0.150824 0.023272
3 0.522074 0.390660 0.081467 0.019930
4 0.704979 0.394421 0.171330 0.022410
5 0.265215 0.406456 0.083731 0.019948
5 0.413389 0.410462 0.196087 0.025040
5 0.251517 0.429482 0.058022 0.018338
5 0.354812 0.432420 0.131959 0.023813
5 0.138958 0.472039 0.029347 0.018106
3 0.256219 0.475272 0.132648 0.024859
3 0.351207 0.478317 0.030101 0.018112
3 0.444341 0.480475 0.128941 0.023795
4 0.708287 0.487171 0.151698 0.021900
5 0.134719 0.494441 0.030101 0.018112
3 0.231196 0.498203 0.081533 0.021682
3 0.313388 0.500447 0.058776 0.018344
3 0.464587 0.504123 0.222485 0.026650
4 0.697595 0.510572 0.172800 0.025564
5 0.333270 0.523745 0.248234 0.021281
5 0.128016 0.542238 0.026341 0.018432
3 0.235858 0.544868 0.109348 0.023279
3 0.345203 0.547680 0.080712 0.019923
3 0.415732 0.548953 0.036138 0.018161
3 0.485090 0.551268 0.078396 0.018503
4 0.705282 0.557262 0.153948 0.025405
5 0.328487 0.570854 0.251121 0.027934
5 0.121339 0.589335 0.036191 0.019563
3 0.227659 0.592125 0.110089 0.023279
3 0.362641 0.595848 0.132780 0.020346
5 0.528541 0.600173 0.175156 0.023842
4 0.703907 0.603698 0.151711 0.022251
5 0.117399 0.613842 0.036138 0.018161
3 0.202610 0.616110 0.058895 0.021498
3 0.289330 0.618391 0.084538 0.021356
3 0.385892 0.619875 0.084485 0.019954
3 0.296722 0.642640 0.256508 0.025542
5 0.527268 0.624179 0.177314 0.026283
4 0.704521 0.627366 0.157721 0.025429
5 0.109128 0.663204 0.029347 0.018106
3 0.221498 0.665871 0.116880 0.024380
3 0.379541 0.668376 0.178122 0.022465
4 0.702690 0.676254 0.154782 0.023677
5 0.250156 0.716756 0.181140 0.022489
5 0.413097 0.719480 0.107189 0.021890
5 0.520946 0.721931 0.084538 0.021356
5 0.702342 0.725680 0.197040 0.024020
5 0.208199 0.768650 0.113226 0.021939
5 0.689074 0.777456 0.183430 0.027390
5 0.266851 0.794892 0.239973 0.026108
5 0.699431 0.803306 0.160792 0.026856
5 0.225466 0.821374 0.159257 0.022312
5 0.698814 0.829593 0.158621 0.025460
5 0.247123 0.847664 0.212013 0.025876
5 0.683144 0.854882 0.180491 0.025287
5 0.181649 0.872552 0.081480 0.020280
5 0.693098 0.881255 0.158555 0.023708
5 0.228962 0.899052 0.184145 0.022163
5 0.417209 0.901279 0.162209 0.020584
5 0.689184 0.905061 0.158555 0.023708
2 0.210077 0.929573 0.155124 0.032789
2 0.561258 0.934698 0.349228 0.038917
