3 0.235417 0.622230 0.120833 0.026447
3 0.324479 0.623660 0.061458 0.027877
3 0.225521 0.647248 0.098958 0.023588
3 0.287500 0.645818 0.033333 0.023588
5 0.485417 0.621158 0.025000 0.024303
4 0.663542 0.621158 0.108333 0.027162
3 0.222396 0.671909 0.092708 0.022873
3 0.325000 0.670122 0.112500 0.023588
3 0.213542 0.696212 0.072917 0.022873
5 0.485938 0.670122 0.017708 0.022159
4 0.663021 0.670479 0.107292 0.028592
3 0.231771 0.721587 0.113542 0.027877
3 0.302083 0.719442 0.027083 0.023588
5 0.486979 0.718728 0.017708 0.022159
4 0.661979 0.718013 0.109375 0.027877
3 0.220833 0.748392 0.093750 0.024303
3 0.326562 0.747677 0.121875 0.025733
5 0.486979 0.746605 0.021875 0.022159
4 0.657292 0.747320 0.122917 0.030736
5 0.201042 0.788778 0.066667 0.025018
5 0.270313 0.787348 0.080208 0.027877
5 0.660417 0.786991 0.133333 0.030021
5 0.219792 0.815583 0.114583 0.024303
5 0.670312 0.813438 0.109375 0.027162
5 0.191667 0.842030 0.064583 0.027162
5 0.670833 0.842745 0.110417 0.030021
5 0.227083 0.868120 0.141667 0.029307
5 0.714063 0.864904 0.026042 0.021444
2 0.224479 0.911723 0.148958 0.035025
2 0.657292 0.913510 0.162500 0.035740
