5 0.130816 0.547255 0.026532 0.030674
3 0.263449 0.543933 0.148430 0.037876
3 0.405904 0.546891 0.100817 0.030031
3 0.508810 0.544994 0.064128 0.035703
4 0.851875 0.549743 0.126593 0.035261
5 0.121263 0.578771 0.026662 0.030882
3 0.242843 0.577964 0.111363 0.038510
3 0.402466 0.579715 0.187591 0.039544
4 0.857158 0.585915 0.131138 0.035365
5 0.120232 0.614105 0.024578 0.035807
3 0.241747 0.614818 0.108891 0.036416
3 0.353104 0.615479 0.088847 0.039456
3 0.463296 0.617134 0.116447 0.038822
4 0.859511 0.621983 0.136082 0.043426
5 0.115234 0.652323 0.029393 0.034965
3 0.237850 0.653505 0.111223 0.038405
3 0.351814 0.654322 0.086504 0.037363
3 0.463177 0.657024 0.111223 0.042384
4 0.859586 0.660827 0.131267 0.037354
5 0.107699 0.691900 0.020044 0.037067
3 0.232792 0.693239 0.111493 0.038510
3 0.411149 0.694725 0.215041 0.042784
4 0.860568 0.699944 0.138672 0.039578
2 0.561570 0.801805 0.109140 0.048248
2 0.853049 0.798141 0.152457 0.069913
5 0.137409 0.879681 0.093931 0.035912
5 0.844883 0.888602 0.151172 0.032220
5 0.167540 0.914846 0.153115 0.030231
5 0.897191 0.922724 0.041892 0.035590
