5 0.158800 0.507490 0.024120 0.024014
3 0.256131 0.511586 0.105144 0.029290
3 0.377818 0.519737 0.121547 0.032827
4 0.827257 0.534505 0.125567 0.026847
5 0.289399 0.545480 0.183417 0.035148
5 0.448987 0.553772 0.118473 0.027441
5 0.550681 0.558489 0.065180 0.024728
5 0.828635 0.563480 0.123331 0.029616
5 0.497369 0.616877 0.180794 0.033325
5 0.804420 0.626167 0.130104 0.030265
5 0.488288 0.647850 0.181719 0.034473
5 0.797488 0.657524 0.131330 0.031426
5 0.532434 0.683606 0.087839 0.029507
5 0.805852 0.691959 0.108412 0.031155
2 0.437912 0.759888 0.166476 0.061335
2 0.790935 0.776567 0.175913 0.069488
5 0.527538 0.816783 0.110798 0.035824
5 0.819841 0.830324 0.140937 0.038671
