5 0.087515 0.567059 0.025575 0.029983
3 0.236605 0.570336 0.146212 0.042888
3 0.365709 0.564479 0.097509 0.031676
3 0.464492 0.564848 0.079704 0.029075
4 0.853941 0.564831 0.158856 0.036279
5 0.084996 0.601469 0.023318 0.029956
5 0.177691 0.606600 0.018253 0.008029
5 0.252053 0.601014 0.120409 0.032691
5 0.388582 0.598583 0.129436 0.032800
5 0.922557 0.599945 0.032386 0.031627
5 0.154282 0.663142 0.176873 0.034935
5 0.256975 0.661901 0.025575 0.029983
2 0.125175 0.694748 0.114668 0.032595
2 0.858409 0.697212 0.159439 0.036380
5 0.111371 0.729686 0.095272 0.040377
5 0.224112 0.723636 0.119201 0.038090
5 0.381498 0.720562 0.167884 0.036388
5 0.678647 0.730646 0.164327 0.042670
5 0.855375 0.733589 0.151638 0.034146
