3 0.121101 0.409722 0.084404 0.032407
3 0.220183 0.409722 0.084404 0.032407
3 0.330275 0.408565 0.106422 0.034722
4 0.783486 0.405093 0.146789 0.032407
5 0.133945 0.446759 0.110092 0.032407
5 0.258716 0.446759 0.102752 0.032407
5 0.763303 0.439815 0.201835 0.032407
5 0.156881 0.482639 0.159633 0.037037
5 0.790826 0.475694 0.154128 0.034722
3 0.157798 0.521991 0.165138 0.034722
3 0.306422 0.519676 0.110092 0.034722
4 0.798165 0.512731 0.154128 0.034722
5 0.129358 0.560185 0.115596 0.037037
5 0.258716 0.559028 0.110092 0.034722
5 0.777982 0.549769 0.201835 0.034722
5 0.153211 0.598380 0.166972 0.039352
5 0.806422 0.586806 0.159633 0.039352
3 0.154128 0.638889 0.165138 0.037037
3 0.333028 0.633681 0.166972 0.040509
4 0.823853 0.627315 0.132110 0.037037
5 0.127523 0.679977 0.119266 0.038194
5 0.258716 0.675926 0.110092 0.037037
5 0.789908 0.665509 0.214679 0.041667
5 0.151376 0.719329 0.170642 0.038194
5 0.822018 0.706019 0.157798 0.037037
5 0.178899 0.759259 0.222018 0.041667
5 0.822936 0.745949 0.166972 0.045139
2 0.206422 0.798611 0.258716 0.041667
2 0.826606 0.786458 0.166972 0.045139
5 0.182569 0.837963 0.211009 0.039352
5 0.828440 0.825810 0.163303 0.042824
5 0.235780 0.873264 0.310092 0.038194
5 0.827523 0.862847 0.165138 0.040509
