5 0.142595 0.361265 0.021338 0.023078
3 0.232049 0.363724 0.130473 0.028478
3 0.360865 0.366099 0.108554 0.026204
3 0.460074 0.369656 0.075848 0.025032
4 0.730274 0.381587 0.115438 0.030914
5 0.145071 0.386033 0.021224 0.021586
3 0.198605 0.386457 0.058291 0.022915
3 0.274977 0.388447 0.075848 0.025032
3 0.375276 0.392043 0.106374 0.026126
4 0.720183 0.405905 0.131734 0.034405
5 0.141119 0.409075 0.021338 0.023078
3 0.230516 0.412280 0.125998 0.026830
3 0.358299 0.413870 0.106374 0.026126
3 0.457105 0.415542 0.072635 0.021264
4 0.725470 0.430025 0.113144 0.029344
5 0.144742 0.433136 0.023518 0.023156
3 0.247823 0.436457 0.160365 0.027374
3 0.423718 0.437529 0.170868 0.026273
4 0.723699 0.453145 0.113029 0.027852
5 0.141880 0.456217 0.021224 0.021586
3 0.221351 0.460562 0.110849 0.027774
3 0.347727 0.459110 0.122841 0.023808
3 0.436693 0.460803 0.038667 0.022211
3 0.487933 0.462640 0.040847 0.022290
4 0.720464 0.473969 0.109873 0.024830
5 0.146593 0.480317 0.021224 0.021586
3 0.222534 0.480796 0.107578 0.023260
3 0.339903 0.482760 0.106260 0.024635
4 0.719040 0.494871 0.110339 0.024869
5 0.237578 0.524324 0.140980 0.023726
5 0.709294 0.534517 0.123070 0.027537
5 0.184141 0.546726 0.040962 0.023781
5 0.236585 0.547111 0.040962 0.023781
5 0.714610 0.557518 0.110849 0.027774
5 0.191034 0.570904 0.058405 0.024407
5 0.262671 0.570481 0.058362 0.023364
5 0.713326 0.581403 0.107921 0.027735
2 0.246994 0.618156 0.169620 0.026273
2 0.647269 0.623158 0.230886 0.033565
5 0.703802 0.670056 0.124046 0.029735
5 0.208738 0.668012 0.113029 0.027852
