3 0.193170 0.413393 0.112960 0.030868
3 0.350635 0.412496 0.161975 0.030288
4 0.736018 0.407483 0.163022 0.033377
3 0.226317 0.448124 0.160953 0.031281
3 0.365837 0.447896 0.081953 0.030598
4 0.740256 0.444011 0.164987 0.032365
3 0.207031 0.484344 0.141839 0.033197
3 0.378010 0.481768 0.161940 0.031317
4 0.736915 0.477521 0.161975 0.031317
3 0.210693 0.516770 0.144955 0.032149
3 0.382667 0.514692 0.164952 0.031335
4 0.742101 0.510960 0.161975 0.034389
3 0.184884 0.553035 0.100868 0.033867
3 0.286869 0.551190 0.095033 0.031903
3 0.407885 0.550516 0.108961 0.034951
4 0.736765 0.547036 0.167092 0.034425
3 0.243556 0.588039 0.181937 0.033557
3 0.397580 0.584476 0.087952 0.037088
3 0.489025 0.585322 0.060968 0.028293
4 0.753984 0.582426 0.135097 0.035113
5 0.403138 0.620055 0.110995 0.031903
5 0.549098 0.616713 0.127098 0.034083
2 0.217335 0.655300 0.137026 0.030837
2 0.744714 0.650476 0.163940 0.035436
5 0.251058 0.689447 0.212003 0.032779
5 0.731968 0.685133 0.185972 0.032527
5 0.235741 0.724601 0.164952 0.032347
5 0.750646 0.721225 0.167057 0.031921
