5 0.166358 0.449243 0.034899 0.037158
3 0.320905 0.445830 0.222771 0.044772
3 0.522359 0.442388 0.127222 0.041920
4 0.766483 0.439562 0.219329 0.044821
5 0.336206 0.488370 0.253296 0.040309
5 0.776620 0.484837 0.207445 0.047839
5 0.251707 0.529471 0.099735 0.038093
5 0.417271 0.529038 0.096323 0.038044
5 0.796995 0.530284 0.168142 0.042739
2 0.351451 0.574640 0.301129 0.043819
2 0.687537 0.621808 0.389892 0.045123
5 0.255673 0.664951 0.140804 0.044325
5 0.786369 0.669786 0.232940 0.045654
5 0.286226 0.713354 0.212444 0.044920
5 0.802448 0.716569 0.212465 0.045359
