5 0.313504 0.551903 0.018272 0.016073
3 0.400747 0.549109 0.141936 0.020035
4 0.684718 0.542608 0.103062 0.019822
5 0.316841 0.571004 0.018183 0.015038
3 0.360885 0.569593 0.052064 0.016123
3 0.457132 0.567808 0.126153 0.019056
4 0.684711 0.562335 0.099674 0.019713
5 0.318439 0.589641 0.018183 0.015038
3 0.378220 0.588246 0.080060 0.015002
3 0.451553 0.586934 0.050281 0.015034
4 0.685551 0.582034 0.097980 0.019659
5 0.322667 0.609232 0.019877 0.015092
3 0.366399 0.609129 0.053769 0.017500
3 0.439198 0.606278 0.081139 0.014561
3 0.507449 0.604870 0.036906 0.016670
4 0.685901 0.600971 0.095572 0.017044
5 0.323418 0.627896 0.018183 0.015038
3 0.368354 0.626975 0.053847 0.017213
3 0.479089 0.625764 0.153258 0.020959
4 0.685893 0.620439 0.098960 0.017670
5 0.326798 0.647514 0.018183 0.015038
3 0.372582 0.646566 0.048764 0.017050
3 0.481534 0.644374 0.154952 0.017907
4 0.688405 0.640084 0.097311 0.017615
5 0.407384 0.685943 0.128561 0.021671
5 0.691757 0.679170 0.097177 0.017098
5 0.407086 0.707236 0.127714 0.016521
5 0.505763 0.704075 0.053935 0.018248
5 0.693131 0.700150 0.099674 0.019713
2 0.373034 0.750894 0.055629 0.018303
2 0.698866 0.742274 0.097355 0.019169
5 0.379392 0.795334 0.071053 0.020862
5 0.697642 0.787748 0.114569 0.020256
5 0.397213 0.824872 0.113130 0.038730
5 0.709136 0.817476 0.113042 0.037695
5 0.471141 0.904524 0.021926 0.019288
5 0.527891 0.902706 0.071053 0.020862
5 0.292756 0.908941 0.085630 0.020859
5 0.373690 0.907126 0.057412 0.019392
5 0.615267 0.901465 0.021838 0.018253
5 0.662209 0.899183 0.058762 0.017975
