5 0.090909 0.620205 0.020202 0.033248
3 0.258297 0.618926 0.187590 0.035806
3 0.437229 0.617647 0.158730 0.038363
4 0.792208 0.620205 0.129870 0.038363
5 0.090909 0.656010 0.020202 0.033248
5 0.253968 0.654731 0.184704 0.051151
5 0.849928 0.652174 0.025974 0.035806
5 0.152958 0.725064 0.161616 0.038363
5 0.242424 0.725064 0.023088 0.033248
5 0.790765 0.725064 0.129870 0.038363
2 0.128427 0.760870 0.106782 0.033248
2 0.790765 0.759591 0.132756 0.035806
5 0.139971 0.795396 0.129870 0.035806
5 0.268398 0.795396 0.109668 0.035806
5 0.789322 0.794118 0.129870 0.038363
