3 0.247036 0.397668 0.279998 0.033051
4 0.830147 0.395298 0.205921 0.032716
3 0.250930 0.431624 0.279998 0.033051
3 0.470750 0.431694 0.106362 0.031260
4 0.831221 0.431172 0.205909 0.032297
3 0.163137 0.467353 0.108032 0.029622
3 0.321052 0.466585 0.141789 0.028288
3 0.471748 0.465050 0.105104 0.027915
4 0.830799 0.465172 0.203031 0.032267
3 0.167094 0.503407 0.108032 0.029622
3 0.322106 0.501829 0.141840 0.029967
3 0.471005 0.500313 0.101558 0.029556
4 0.830018 0.499176 0.206628 0.032304
5 0.321710 0.536668 0.071296 0.027571
5 0.727094 0.534220 0.200154 0.032238
3 0.169178 0.573057 0.108032 0.029622
3 0.356510 0.569471 0.206578 0.030626
4 0.825988 0.568888 0.212833 0.031420
3 0.254715 0.606182 0.278459 0.035539
4 0.830261 0.603470 0.200542 0.031964
3 0.257189 0.640569 0.275544 0.035503
3 0.475073 0.636255 0.101558 0.029556
4 0.829858 0.638099 0.203457 0.032355
3 0.258566 0.674978 0.276238 0.037174
4 0.828010 0.672534 0.204971 0.032355
2 0.388284 0.705764 0.319360 0.039711
2 0.697937 0.738073 0.444653 0.037468
5 0.328816 0.774148 0.209355 0.036485
5 0.811968 0.773426 0.235939 0.033718
