3 0.140442 0.450826 0.080624 0.033045
3 0.249675 0.451613 0.101430 0.031471
4 0.786086 0.440598 0.159948 0.039339
5 0.480494 0.486625 0.232770 0.035405
5 0.286736 0.528718 0.373212 0.042486
5 0.792588 0.515736 0.162549 0.038552
5 0.143043 0.575924 0.080624 0.034618
5 0.245774 0.571204 0.072822 0.031471
5 0.809493 0.554288 0.139142 0.036979
2 0.167750 0.615657 0.140442 0.041699
2 0.801691 0.593627 0.162549 0.036979
5 0.203511 0.656176 0.206762 0.048780
5 0.804941 0.634146 0.161248 0.034618
5 0.181404 0.699843 0.170351 0.047994
5 0.811443 0.674666 0.161248 0.038552
