5 0.208984 0.456338 0.016927 0.021739
3 0.248372 0.456153 0.037109 0.023581
3 0.295247 0.455416 0.031901 0.019160
3 0.368815 0.454864 0.074870 0.021739
3 0.469727 0.454127 0.097005 0.021739
4 0.758789 0.452469 0.100911 0.024318
5 0.299805 0.548452 0.129557 0.021002
5 0.758464 0.547347 0.104167 0.021002
5 0.261068 0.572955 0.053385 0.025055
5 0.767578 0.568902 0.088542 0.023581
2 0.316732 0.618644 0.154297 0.022845
2 0.710938 0.617907 0.192708 0.023581
5 0.270508 0.642778 0.068359 0.021739
5 0.759440 0.641857 0.103516 0.025792
5 0.283854 0.665991 0.104167 0.026898
5 0.759766 0.665438 0.100260 0.024318
