3 0.211611 0.452146 0.327584 0.037749
3 0.453815 0.453146 0.135112 0.030269
3 0.588294 0.452624 0.116225 0.029290
3 0.693937 0.455855 0.077402 0.031843
5 0.157020 0.497081 0.199177 0.031090
4 0.852552 0.543342 0.121440 0.029322
3 0.164920 0.608494 0.188693 0.031727
3 0.609308 0.608198 0.157149 0.029780
3 0.395516 0.608238 0.250604 0.030207
3 0.751112 0.607152 0.111791 0.026128
3 0.130219 0.651384 0.100508 0.032139
3 0.197924 0.648972 0.013116 0.021763
3 0.287215 0.648599 0.149797 0.029686
3 0.511732 0.650346 0.283534 0.034495
5 0.775723 0.648123 0.177049 0.027721
4 0.856551 0.689532 0.126710 0.030161
3 0.185134 0.751775 0.186556 0.030157
3 0.337956 0.750202 0.101393 0.025209
3 0.433069 0.751683 0.066790 0.027079
3 0.534926 0.749605 0.121367 0.026236
5 0.717164 0.748040 0.187643 0.031714
4 0.847382 0.789973 0.137139 0.027210
5 0.449362 0.862602 0.077439 0.033386
5 0.507035 0.858004 0.026806 0.023481
2 0.606837 0.857882 0.161258 0.025976
2 0.845789 0.855590 0.137175 0.028753
