5 0.114583 0.596065 0.024306 0.025463
3 0.186632 0.596065 0.116319 0.025463
3 0.271701 0.596065 0.057292 0.027778
5 0.649306 0.596065 0.118056 0.025463
4 0.807292 0.596065 0.121528 0.025463
5 0.569444 0.660880 0.125000 0.025463
5 0.739583 0.662037 0.138889 0.027778
5 0.500000 0.690972 0.055556 0.025463
5 0.588542 0.690972 0.121528 0.025463
5 0.748264 0.692708 0.128472 0.033565
2 0.529514 0.721065 0.121528 0.025463
2 0.730035 0.723380 0.157986 0.030093
5 0.578125 0.744792 0.072917 0.024306
5 0.740451 0.745370 0.137153 0.027778
5 0.570312 0.770255 0.123264 0.031250
5 0.750000 0.770833 0.125000 0.027778
