5 0.214120 0.429784 0.025463 0.029321
3 0.293981 0.429012 0.125000 0.030864
3 0.413194 0.427469 0.113426 0.037037
3 0.534722 0.425926 0.125000 0.030864
3 0.655093 0.425926 0.106481 0.030864
4 0.812500 0.424383 0.125000 0.033951
5 0.215278 0.461420 0.023148 0.027778
3 0.275463 0.459877 0.087963 0.030864
3 0.351852 0.459105 0.055556 0.032407
3 0.469907 0.456790 0.180556 0.030864
4 0.812500 0.455247 0.125000 0.033951
5 0.215278 0.491512 0.027778 0.032407
3 0.303241 0.489198 0.148148 0.037037
3 0.432870 0.487654 0.106481 0.030864
4 0.821759 0.486111 0.106481 0.033951
2 0.334491 0.562500 0.196759 0.050926
2 0.754630 0.561728 0.240741 0.067901
5 0.280093 0.598765 0.087963 0.030864
5 0.817130 0.595679 0.125000 0.030864
5 0.351852 0.641975 0.240741 0.055556
5 0.758102 0.641204 0.238426 0.066358
