3 0.112174 0.525604 0.064348 0.030918
3 0.212174 0.527536 0.100870 0.027053
3 0.343478 0.526087 0.106087 0.026087
3 0.501739 0.526570 0.175652 0.028986
3 0.100000 0.566184 0.036522 0.019324
5 0.094783 0.600000 0.036522 0.027053
5 0.315652 0.599034 0.147826 0.028986
4 0.806957 0.595169 0.153043 0.027053
5 0.184348 0.671014 0.201739 0.028019
5 0.809565 0.664251 0.154783 0.029952
2 0.146957 0.746860 0.126957 0.027053
2 0.816522 0.740580 0.154783 0.028019
5 0.118261 0.785990 0.083478 0.026087
5 0.819130 0.776812 0.156522 0.027053
