3 0.199384 0.597206 0.177471 0.033884
3 0.328602 0.589659 0.059125 0.025353
5 0.338177 0.621535 0.114893 0.033138
5 0.477438 0.616944 0.040808 0.022992
4 0.726272 0.619003 0.118552 0.029683
3 0.219419 0.663203 0.216398 0.044608
3 0.366716 0.654266 0.058466 0.025083
3 0.452320 0.649299 0.093172 0.026940
5 0.383997 0.682908 0.022809 0.023659
5 0.479406 0.679219 0.040808 0.022992
4 0.772159 0.686863 0.022967 0.025173
5 0.489557 0.743395 0.025078 0.023765
5 0.165023 0.774858 0.098370 0.038082
5 0.265802 0.762957 0.088949 0.029756
2 0.697827 0.815066 0.121377 0.037410
2 0.179332 0.846470 0.113703 0.044613
5 0.266916 0.898668 0.086624 0.040210
5 0.179573 0.919474 0.103171 0.048361
5 0.771138 0.889224 0.127448 0.041898
