5 0.137812 0.410728 0.047674 0.030499
3 0.264855 0.412637 0.192800 0.033973
3 0.447854 0.418150 0.159817 0.033184
5 0.604467 0.423031 0.143440 0.035050
4 0.804015 0.427808 0.126949 0.034655
5 0.182376 0.443488 0.067464 0.030973
5 0.136294 0.472947 0.044260 0.028159
3 0.217160 0.473751 0.100447 0.031763
3 0.317759 0.476159 0.083955 0.031368
3 0.442300 0.479139 0.158110 0.037588
5 0.601357 0.484080 0.143440 0.035050
4 0.797492 0.491039 0.126949 0.034655
5 0.180916 0.504576 0.064165 0.030894
5 0.492680 0.575427 0.080657 0.031289
5 0.802549 0.586240 0.107159 0.034182
5 0.444124 0.604826 0.174544 0.037982
5 0.789393 0.617619 0.123650 0.034576
2 0.471314 0.638302 0.116939 0.032157
2 0.787780 0.649274 0.123650 0.034576
5 0.477948 0.670155 0.100447 0.031763
5 0.779571 0.680771 0.143440 0.035050
5 0.456582 0.733030 0.136728 0.032631
5 0.782089 0.744784 0.125127 0.037928
