5 0.156250 0.402778 0.025463 0.027778
3 0.237269 0.402778 0.104167 0.027778
3 0.354167 0.402006 0.104167 0.026235
4 0.802662 0.395448 0.133102 0.033179
5 0.155093 0.434414 0.027778 0.026235
3 0.275463 0.433642 0.185185 0.027778
3 0.443287 0.432099 0.127315 0.027778
3 0.553241 0.432870 0.060185 0.029321
4 0.805556 0.428241 0.129630 0.032407
5 0.155093 0.467593 0.018519 0.024691
3 0.244213 0.467593 0.127315 0.027778
3 0.394676 0.465278 0.145833 0.029321
3 0.533565 0.464506 0.108796 0.027778
4 0.808449 0.461420 0.128472 0.032407
5 0.151620 0.500772 0.020833 0.026235
3 0.231481 0.499228 0.108796 0.027778
3 0.363426 0.498457 0.125000 0.027778
3 0.503472 0.496914 0.127315 0.027778
4 0.808449 0.494985 0.133102 0.033179
2 0.276620 0.578704 0.212963 0.054012
2 0.752894 0.577160 0.269676 0.063272
5 0.232639 0.635031 0.134259 0.054012
5 0.378472 0.634259 0.094907 0.055556
5 0.756366 0.634259 0.269676 0.064815
