5 0.170542 0.497537 0.075479 0.026648
3 0.280211 0.500162 0.139796 0.028188
3 0.388307 0.502768 0.055956 0.032997
3 0.473278 0.502520 0.087023 0.026925
5 0.378315 0.535336 0.072296 0.028830
5 0.494753 0.534728 0.040847 0.025819
4 0.748724 0.540807 0.080657 0.031289
5 0.168141 0.560866 0.077128 0.026688
3 0.292739 0.562736 0.174486 0.031239
3 0.452823 0.564285 0.125012 0.027833
5 0.333151 0.595378 0.166528 0.035603
5 0.494999 0.594725 0.040732 0.023558
4 0.704385 0.600869 0.166413 0.033342
5 0.162662 0.622441 0.079217 0.027897
3 0.248227 0.625604 0.092678 0.028253
3 0.359747 0.624312 0.116708 0.027635
3 0.481843 0.626103 0.130017 0.030212
5 0.330099 0.655296 0.166413 0.033342
5 0.490183 0.656865 0.044145 0.025898
4 0.704573 0.661997 0.169712 0.033421
5 0.166618 0.720429 0.097033 0.029423
5 0.273928 0.720734 0.093735 0.029344
5 0.495319 0.718111 0.027654 0.025503
2 0.171523 0.786198 0.113525 0.029817
2 0.658601 0.786539 0.183020 0.035998
5 0.158403 0.849270 0.100332 0.029502
5 0.257468 0.849378 0.080542 0.029028
5 0.726232 0.852676 0.186203 0.033816
