3 0.152354 0.719087 0.229082 0.038337
3 0.317170 0.720125 0.095081 0.039777
5 0.161327 0.752918 0.054372 0.034251
5 0.276927 0.755135 0.170123 0.042532
4 0.580584 0.758173 0.060447 0.038506
4 0.700740 0.757516 0.173766 0.040828
5 0.444781 0.755215 0.054372 0.034251
5 0.098309 0.821500 0.113331 0.036510
5 0.211022 0.823663 0.106324 0.036158
5 0.456804 0.826604 0.030980 0.029361
2 0.110937 0.884855 0.123641 0.036794
2 0.541588 0.892555 0.060144 0.034463
2 0.656198 0.888654 0.173941 0.034764
5 0.097123 0.914754 0.088704 0.031480
5 0.141185 0.944751 0.181063 0.034870
5 0.615583 0.947975 0.054372 0.034251
5 0.729891 0.948117 0.168471 0.030509
