3 0.173482 0.476386 0.249770 0.027064
3 0.364020 0.475321 0.108989 0.024468
5 0.700023 0.468029 0.023770 0.022372
4 0.859025 0.460306 0.136026 0.032808
3 0.092579 0.502916 0.089648 0.027069
3 0.265495 0.501103 0.237975 0.030224
5 0.702422 0.492947 0.026036 0.022426
4 0.875100 0.486457 0.113364 0.033768
3 0.084859 0.529638 0.076051 0.026742
3 0.221477 0.527917 0.181587 0.027770
5 0.704900 0.519425 0.023770 0.022372
4 0.866814 0.513193 0.135051 0.029717
3 0.106054 0.556057 0.115828 0.025411
3 0.234719 0.554136 0.110043 0.027559
5 0.707300 0.544344 0.026036 0.022426
4 0.870386 0.538864 0.137317 0.029772
5 0.384608 0.623903 0.094180 0.027178
5 0.502450 0.621072 0.125907 0.027940
5 0.850390 0.614273 0.137396 0.031331
5 0.356124 0.655027 0.249414 0.038649
5 0.531188 0.650821 0.080662 0.028410
5 0.867836 0.645075 0.114734 0.030786
2 0.394508 0.707179 0.137317 0.029772
2 0.537317 0.704529 0.128331 0.031113
2 0.829091 0.731081 0.215001 0.044096
5 0.285633 0.741405 0.208425 0.036889
5 0.520810 0.736926 0.164828 0.036661
5 0.702499 0.829734 0.146234 0.033264
5 0.785235 0.828137 0.026353 0.028663
