5 0.111460 0.220248 0.043055 0.021030
3 0.178854 0.219764 0.081278 0.019647
3 0.282477 0.219433 0.099490 0.020846
4 0.764471 0.220112 0.117525 0.020737
5 0.119414 0.241753 0.045137 0.021045
3 0.183773 0.240594 0.081313 0.019883
3 0.295443 0.240487 0.123525 0.018293
4 0.768314 0.239588 0.123525 0.019922
5 0.114256 0.262523 0.045207 0.022703
3 0.184031 0.260780 0.102600 0.020636
3 0.289280 0.261264 0.077255 0.019618
4 0.761057 0.258707 0.119537 0.021566
5 0.116123 0.282828 0.047184 0.021888
3 0.209687 0.282570 0.133654 0.021682
3 0.349505 0.281978 0.123596 0.020780
4 0.764882 0.277332 0.121619 0.022424
5 0.106854 0.301656 0.031195 0.024028
3 0.203085 0.302202 0.142906 0.019068
3 0.335242 0.301155 0.097408 0.020592
4 0.761754 0.298087 0.117560 0.022395
5 0.111738 0.321837 0.035043 0.020143
3 0.209308 0.321135 0.137643 0.020882
3 0.350185 0.321366 0.119898 0.019937
4 0.767609 0.318356 0.123490 0.019937
5 0.103949 0.342214 0.024141 0.019242
3 0.182022 0.342019 0.103839 0.019083
3 0.285610 0.340898 0.087314 0.021334
4 0.762983 0.338282 0.124694 0.023253
5 0.110441 0.362490 0.033031 0.020115
3 0.195958 0.362282 0.123596 0.021609
3 0.321325 0.361853 0.100588 0.019083
4 0.769768 0.360231 0.122683 0.019122
5 0.105283 0.383333 0.025054 0.021541
3 0.180690 0.382250 0.103513 0.021556
3 0.287401 0.383076 0.085698 0.019912
4 0.766271 0.381401 0.119572 0.021580
5 0.115302 0.405987 0.035078 0.020973
3 0.178053 0.405124 0.082447 0.020491
3 0.286249 0.403513 0.107607 0.023981
4 0.770536 0.400862 0.124729 0.020795
5 0.103051 0.425564 0.037125 0.021816
3 0.192557 0.424920 0.123666 0.024096
3 0.296145 0.423753 0.061266 0.022804
3 0.396804 0.424280 0.113502 0.020708
4 0.768378 0.421196 0.122683 0.021609
5 0.114023 0.447047 0.031416 0.018471
3 0.185370 0.444875 0.107537 0.022323
3 0.300111 0.445709 0.107396 0.019006
4 0.773280 0.441893 0.130730 0.021667
5 0.103362 0.467147 0.034235 0.021556
3 0.173224 0.467769 0.089325 0.021334
3 0.288901 0.466107 0.119642 0.023238
4 0.771707 0.462634 0.123560 0.021609
5 0.110731 0.488122 0.031054 0.020944
3 0.178161 0.488059 0.085232 0.018833
3 0.294206 0.487220 0.122718 0.019122
4 0.779626 0.482488 0.129596 0.021638
5 0.103580 0.509451 0.039137 0.021541
3 0.169933 0.508014 0.087419 0.022178
3 0.261521 0.508599 0.067592 0.019560
4 0.777557 0.505302 0.123631 0.022438
5 0.108534 0.531262 0.031125 0.022573
3 0.186391 0.530652 0.104612 0.019926
3 0.322734 0.528477 0.141737 0.022569
4 0.788546 0.527200 0.127619 0.021638
5 0.101347 0.551632 0.039137 0.021831
3 0.163729 0.551598 0.071290 0.021204
4 0.785400 0.547955 0.123596 0.021609
5 0.103319 0.574424 0.033277 0.025932
3 0.195825 0.572929 0.129771 0.024940
3 0.343672 0.571858 0.143819 0.025056
4 0.793372 0.570289 0.133690 0.023311
5 0.105343 0.598459 0.031195 0.024260
3 0.163047 0.596396 0.064306 0.022833
3 0.263249 0.596909 0.101501 0.022279
4 0.791285 0.592315 0.127689 0.022370
5 0.110262 0.619572 0.027066 0.021744
3 0.195213 0.619378 0.130765 0.021667
4 0.799274 0.614201 0.129842 0.026627
5 0.218852 0.665232 0.163866 0.022728
5 0.795702 0.660807 0.154976 0.024872
5 0.204238 0.688140 0.148906 0.023456
5 0.320336 0.685649 0.071360 0.022891
5 0.803247 0.684671 0.131678 0.023311
2 0.188613 0.711476 0.103478 0.021465
2 0.798230 0.708335 0.159913 0.024357
5 0.103218 0.714579 0.057418 0.026106
5 0.139314 0.759102 0.173960 0.023629
5 0.734885 0.756891 0.298865 0.028672
