3 0.176202 0.630334 0.078978 0.025822
3 0.248931 0.627999 0.040082 0.023471
3 0.309531 0.625928 0.059572 0.025401
4 0.820100 0.614085 0.113022 0.028068
3 0.213040 0.660774 0.149350 0.024943
3 0.355015 0.657413 0.112853 0.025051
4 0.849647 0.642895 0.059572 0.025401
5 0.213701 0.724672 0.150409 0.028832
5 0.829075 0.709043 0.108171 0.027963
5 0.171189 0.757313 0.059572 0.025401
5 0.262153 0.755337 0.091106 0.026085
5 0.839845 0.738651 0.099469 0.035891
2 0.183279 0.821240 0.076467 0.024261
2 0.272487 0.820436 0.082628 0.026195
2 0.369974 0.815675 0.091191 0.027594
2 0.836710 0.801763 0.113107 0.029576
5 0.187965 0.883063 0.078893 0.024313
5 0.841439 0.864340 0.115618 0.031138
5 0.205682 0.949889 0.118971 0.026160
5 0.854657 0.926733 0.096127 0.029208
