3 0.297960 0.539180 0.085503 0.019289
3 0.384115 0.539180 0.072049 0.019289
3 0.471137 0.539934 0.088108 0.020796
5 0.236979 0.538577 0.014757 0.018083
4 0.700738 0.539180 0.087240 0.019289
3 0.317274 0.558017 0.125000 0.020796
3 0.404514 0.557263 0.031250 0.019289
3 0.446181 0.557866 0.029514 0.018083
3 0.491536 0.558469 0.046441 0.019289
5 0.236762 0.557263 0.018663 0.019289
4 0.694227 0.557866 0.100260 0.020494
3 0.303602 0.575949 0.101128 0.021097
3 0.398003 0.576552 0.073785 0.019289
3 0.477431 0.576552 0.070312 0.019289
5 0.236979 0.575347 0.014757 0.019289
4 0.701606 0.576552 0.088976 0.019289
3 0.303385 0.594635 0.099826 0.019289
3 0.404514 0.594635 0.086806 0.019289
3 0.490451 0.594635 0.070312 0.019289
5 0.237847 0.594033 0.013021 0.018083
4 0.701606 0.595238 0.088976 0.020494
5 0.316406 0.611965 0.018229 0.017782
5 0.384983 0.612719 0.101562 0.021700
5 0.476562 0.612719 0.072049 0.019289
3 0.289497 0.630500 0.072049 0.019289
3 0.369358 0.630500 0.072049 0.019289
5 0.235894 0.629295 0.016927 0.019289
4 0.702474 0.631857 0.087240 0.022001
5 0.309896 0.667269 0.112847 0.020494
5 0.695095 0.668475 0.101997 0.020494
5 0.302517 0.686558 0.103299 0.021097
5 0.703342 0.687161 0.088976 0.019289
5 0.274740 0.704039 0.046007 0.019289
5 0.703342 0.707052 0.088976 0.020494
5 0.307292 0.740808 0.111979 0.021700
5 0.437717 0.741863 0.128038 0.020796
5 0.697049 0.743219 0.101562 0.020494
5 0.308160 0.759192 0.112847 0.019289
5 0.417318 0.760398 0.087240 0.019289
5 0.703342 0.762508 0.088976 0.020494
2 0.321181 0.777878 0.135417 0.020494
2 0.648872 0.780440 0.194444 0.020796
5 0.286892 0.796564 0.070312 0.019289
5 0.362847 0.797770 0.059028 0.019289
5 0.423828 0.797167 0.018663 0.020494
5 0.613715 0.798975 0.072049 0.019289
5 0.682943 0.799729 0.048177 0.020796
5 0.737630 0.800482 0.020399 0.019289
