3 0.309028 0.362319 0.336806 0.026570
5 0.159722 0.402174 0.020833 0.021739
5 0.342014 0.400966 0.114583 0.028986
4 0.850694 0.400966 0.118056 0.028986
3 0.345486 0.434783 0.406250 0.028986
5 0.156250 0.474638 0.027778 0.026570
5 0.340278 0.471014 0.111111 0.028986
4 0.848958 0.471014 0.121528 0.028986
5 0.144097 0.530193 0.086806 0.026570
5 0.251736 0.526570 0.121528 0.028986
5 0.847222 0.522947 0.118056 0.026570
2 0.230903 0.603261 0.267361 0.039855
2 0.847222 0.596618 0.118056 0.028986
5 0.150174 0.661232 0.116319 0.030193
5 0.843750 0.652174 0.138889 0.028986
5 0.221354 0.717391 0.262153 0.041063
5 0.855903 0.710145 0.121528 0.028986
