3 0.159836 0.523312 0.152459 0.027331
5 0.096721 0.554260 0.026230 0.029743
5 0.300820 0.552653 0.145902 0.028135
4 0.755738 0.555064 0.150820 0.029743
5 0.177049 0.612942 0.200000 0.029743
5 0.637705 0.615354 0.059016 0.028135
5 0.757377 0.615354 0.147541 0.026527
5 0.119672 0.645498 0.088525 0.032154
5 0.259836 0.643891 0.165574 0.032154
5 0.659016 0.645900 0.052459 0.029743
5 0.767213 0.645498 0.124590 0.027331
2 0.138525 0.703778 0.126230 0.029743
2 0.636885 0.708199 0.060656 0.030547
2 0.753279 0.706592 0.152459 0.028939
5 0.134426 0.733923 0.131148 0.025723
5 0.638525 0.738746 0.057377 0.030547
5 0.756557 0.737138 0.149180 0.027331
