5 0.237313 0.503711 0.023302 0.024606
3 0.272940 0.501959 0.052642 0.026049
3 0.342392 0.501506 0.081982 0.027492
4 0.808353 0.496206 0.097532 0.028100
5 0.267048 0.527421 0.069701 0.029820
5 0.255016 0.554665 0.039775 0.022484
5 0.280956 0.603734 0.124190 0.032499
5 0.813226 0.598295 0.094850 0.031057
2 0.260248 0.628444 0.078084 0.030232
2 0.812500 0.623448 0.097092 0.028316
5 0.255631 0.687899 0.075065 0.041814
5 0.813049 0.681223 0.104405 0.043257
5 0.290020 0.725350 0.144898 0.043947
5 0.846837 0.717304 0.023199 0.035910
