5 0.206534 0.689408 0.016336 0.025135
3 0.274212 0.689408 0.091015 0.028725
3 0.369895 0.689408 0.077013 0.028725
3 0.474912 0.690305 0.109685 0.030521
4 0.777130 0.695691 0.116686 0.030521
5 0.204201 0.720826 0.025671 0.026930
3 0.266044 0.721724 0.074679 0.028725
3 0.369895 0.721724 0.109685 0.028725
4 0.775963 0.728007 0.114352 0.030521
5 0.206534 0.755835 0.016336 0.025135
3 0.264877 0.755835 0.072345 0.028725
3 0.369895 0.755835 0.109685 0.028725
4 0.777130 0.762118 0.112019 0.030521
5 0.203034 0.787253 0.023337 0.026930
3 0.273046 0.788151 0.093349 0.028725
3 0.369895 0.788151 0.077013 0.028725
3 0.482497 0.789946 0.131855 0.032316
4 0.766628 0.794434 0.128355 0.030521
5 0.280630 0.821364 0.110852 0.032316
5 0.764877 0.827648 0.131855 0.034111
5 0.255543 0.854578 0.058343 0.028725
5 0.317386 0.855476 0.042007 0.026930
5 0.773629 0.860862 0.109685 0.030521
5 0.255543 0.888689 0.058343 0.028725
5 0.327888 0.888689 0.053676 0.028725
5 0.772462 0.893178 0.112019 0.030521
2 0.315053 0.964991 0.186698 0.059246
2 0.701284 0.969479 0.259043 0.057451
5 0.298133 0.995063 0.155193 0.009874
5 0.698366 0.995961 0.260210 0.008079
