5 0.309506 0.404617 0.074376 0.023299
3 0.423948 0.410396 0.038313 0.021049
3 0.473511 0.413534 0.018693 0.018005
3 0.599476 0.416659 0.032120 0.023742
5 0.290713 0.432147 0.013006 0.019079
5 0.455103 0.440647 0.077552 0.024803
4 0.721358 0.450713 0.076578 0.023417
5 0.312774 0.460876 0.068588 0.023656
5 0.377347 0.463952 0.054090 0.022392
5 0.437719 0.466376 0.027720 0.022990
5 0.480311 0.468069 0.019568 0.022520
5 0.713301 0.479052 0.093439 0.025630
5 0.303587 0.489215 0.077347 0.024129
3 0.417927 0.492342 0.043332 0.022750
3 0.464672 0.495458 0.023611 0.021095
3 0.594022 0.499910 0.033548 0.021565
5 0.280646 0.515398 0.017218 0.020382
5 0.447520 0.523286 0.079549 0.024960
4 0.715056 0.535707 0.081445 0.025039
5 0.304167 0.543496 0.068639 0.023696
5 0.369328 0.546532 0.058599 0.021006
5 0.431211 0.549249 0.028579 0.021095
5 0.472987 0.550767 0.020844 0.019551
5 0.709301 0.563768 0.095122 0.026303
5 0.293520 0.570984 0.080216 0.024287
3 0.408731 0.577178 0.038313 0.021049
3 0.457397 0.579859 0.016899 0.020343
3 0.587336 0.585752 0.029553 0.021095
5 0.274574 0.598433 0.014953 0.019591
5 0.439373 0.607489 0.082469 0.024921
4 0.711396 0.621927 0.081657 0.027295
5 0.294509 0.627975 0.062595 0.021282
5 0.360234 0.631837 0.059828 0.021847
5 0.422812 0.632841 0.031095 0.022277
5 0.464841 0.636000 0.023662 0.021962
5 0.699339 0.649000 0.096359 0.025551
5 0.276007 0.684911 0.062850 0.025042
5 0.370445 0.689505 0.101630 0.023650
5 0.704527 0.707139 0.079549 0.027929
2 0.274991 0.716553 0.066539 0.022231
2 0.349425 0.717668 0.062760 0.024408
2 0.697082 0.736308 0.094149 0.028559
5 0.257953 0.775921 0.060193 0.024054
5 0.340735 0.782212 0.096351 0.027111
5 0.428999 0.783531 0.069714 0.024527
5 0.695790 0.797951 0.096461 0.030103
