5 0.108174 0.484745 0.020943 0.024645
3 0.187189 0.484576 0.115855 0.030339
3 0.320351 0.483005 0.133832 0.027501
3 0.475539 0.481937 0.160784 0.027104
4 0.893359 0.487689 0.142649 0.030368
5 0.108962 0.515251 0.020943 0.024645
5 0.211675 0.514803 0.163173 0.027847
5 0.946720 0.521390 0.030011 0.026277
5 0.108681 0.548059 0.018647 0.023093
5 0.220402 0.546741 0.178972 0.028034
5 0.377243 0.544128 0.120290 0.027342
5 0.945350 0.555736 0.029971 0.024751
5 0.108380 0.580104 0.020904 0.023119
3 0.187414 0.580698 0.115855 0.030339
3 0.321665 0.577588 0.136089 0.027528
3 0.476843 0.576139 0.163021 0.027840
4 0.890306 0.588045 0.140412 0.029632
5 0.106950 0.612163 0.020904 0.023119
5 0.200615 0.611058 0.140603 0.027581
5 0.943678 0.622127 0.027675 0.023199
5 0.107797 0.644957 0.020943 0.024645
5 0.210470 0.642983 0.163173 0.027847
5 0.345870 0.640623 0.090910 0.025470
5 0.481884 0.639990 0.165278 0.025944
5 0.941100 0.653436 0.025378 0.021647
5 0.119608 0.708901 0.077368 0.025310
5 0.214382 0.707020 0.095463 0.027049
5 0.884450 0.710559 0.138273 0.028922
5 0.120455 0.741695 0.077407 0.026836
5 0.225405 0.740457 0.111341 0.030286
5 0.890861 0.740617 0.108854 0.028506
5 0.170392 0.773910 0.181097 0.028390
5 0.932868 0.771782 0.029932 0.023226
2 0.145946 0.810817 0.129436 0.032024
2 0.853671 0.808572 0.183723 0.037239
5 0.159025 0.945695 0.157491 0.026256
5 0.326141 0.947545 0.165337 0.034717
5 0.891268 0.953078 0.154185 0.029266
