3 0.181858 0.515381 0.079861 0.020508
3 0.268880 0.515625 0.074219 0.022949
3 0.347005 0.515747 0.058594 0.024170
3 0.414062 0.518433 0.062500 0.025146
5 0.273438 0.541992 0.025174 0.021484
5 0.507595 0.542236 0.115017 0.028320
4 0.737847 0.543579 0.113715 0.029541
5 0.190321 0.593262 0.118490 0.022461
5 0.297743 0.593262 0.076389 0.020996
5 0.577691 0.592529 0.024306 0.021484
5 0.165799 0.619019 0.064236 0.021729
5 0.253906 0.618774 0.098958 0.023193
5 0.741102 0.619263 0.109809 0.025635
5 0.176432 0.647949 0.102865 0.025391
5 0.284939 0.645996 0.099392 0.023926
5 0.747179 0.644287 0.096788 0.023438
2 0.177083 0.672729 0.093750 0.020264
2 0.284071 0.672241 0.095052 0.023682
2 0.740668 0.670532 0.108941 0.027100
