3 0.133061 0.442053 0.116598 0.033310
3 0.263240 0.440615 0.109366 0.033230
4 0.807398 0.432317 0.156438 0.036037
5 0.134134 0.480949 0.116598 0.033310
5 0.264313 0.479511 0.109366 0.033230
5 0.781382 0.472656 0.210680 0.036636
5 0.158680 0.518441 0.163671 0.036117
5 0.809544 0.510108 0.156502 0.038325
3 0.158833 0.557347 0.165447 0.040673
3 0.313437 0.555639 0.109429 0.035518
4 0.814233 0.548964 0.156502 0.038325
5 0.133768 0.598820 0.116662 0.035598
5 0.263884 0.595094 0.109429 0.035518
5 0.789962 0.586995 0.214296 0.036676
5 0.157426 0.636894 0.165447 0.041817
5 0.816347 0.625611 0.163734 0.038405
3 0.169348 0.675670 0.194376 0.042136
3 0.351009 0.671947 0.134742 0.035797
4 0.882542 0.664932 0.033428 0.032391
5 0.183124 0.715570 0.219657 0.042416
5 0.825820 0.706755 0.156502 0.038325
2 0.211349 0.755310 0.259497 0.045143
2 0.826925 0.746795 0.156565 0.040613
5 0.183541 0.796813 0.216072 0.042376
5 0.827998 0.785690 0.163734 0.038405
5 0.235287 0.836865 0.317354 0.046926
5 0.843598 0.826714 0.134868 0.040373
