3 0.485192 0.311640 0.070239 0.070108
3 0.568368 0.387606 0.121829 0.116600
3 0.637419 0.452508 0.037638 0.038153
5 0.446971 0.276957 0.024979 0.025551
4 0.722428 0.533746 0.082922 0.085662
3 0.465797 0.338492 0.079403 0.077773
3 0.529532 0.398196 0.076520 0.073531
3 0.584078 0.450593 0.060928 0.060432
5 0.423701 0.301414 0.024979 0.025551
4 0.697069 0.558240 0.078646 0.078542
3 0.439289 0.357008 0.071607 0.071546
3 0.489596 0.405609 0.056040 0.054825
3 0.530689 0.445205 0.047560 0.047878
3 0.569607 0.481339 0.054525 0.053559
5 0.402815 0.322659 0.027056 0.024831
4 0.675950 0.586196 0.082850 0.082759
3 0.410314 0.373775 0.054671 0.053386
3 0.460620 0.423455 0.073025 0.075044
5 0.380548 0.344612 0.027740 0.028403
4 0.651654 0.611732 0.089106 0.084819
3 0.397614 0.405130 0.073025 0.072936
3 0.443705 0.451696 0.046143 0.046489
3 0.478432 0.485735 0.047560 0.047878
3 0.526648 0.534385 0.075860 0.075714
5 0.359332 0.367978 0.030575 0.031877
4 0.627406 0.640097 0.087053 0.086977
3 0.367942 0.421921 0.063152 0.063161
3 0.418652 0.472656 0.065253 0.064600
3 0.465108 0.521331 0.058851 0.059042
5 0.333594 0.388900 0.027056 0.026295
4 0.601375 0.666018 0.087102 0.086927
5 0.344673 0.446379 0.023561 0.024161
5 0.403166 0.505102 0.116353 0.119576
5 0.482626 0.588237 0.069457 0.068817
5 0.319938 0.467338 0.026299 0.025600
5 0.349019 0.495819 0.058851 0.057653
5 0.395134 0.545921 0.065938 0.068842
5 0.366777 0.617139 0.096485 0.100895
5 0.497532 0.766166 0.094995 0.101043
5 0.361004 0.666740 0.051764 0.052096
5 0.475423 0.796962 0.087053 0.086977
2 0.200497 0.613701 0.115377 0.133688
2 0.373688 0.816439 0.186446 0.197942
