3 0.337947 0.469204 0.072643 0.020458
3 0.418312 0.469508 0.078137 0.019052
5 0.751534 0.469070 0.019920 0.017282
4 0.865942 0.469104 0.097147 0.021279
3 0.358647 0.490148 0.117646 0.020888
3 0.459674 0.490690 0.078053 0.019698
3 0.548904 0.491382 0.093943 0.022521
5 0.750226 0.490466 0.019920 0.017282
4 0.866449 0.490477 0.097147 0.021279
3 0.336875 0.510303 0.076752 0.020411
3 0.419286 0.510584 0.078105 0.020388
5 0.750701 0.510503 0.019920 0.017282
4 0.866920 0.510347 0.097139 0.020945
3 0.370502 0.530586 0.145773 0.020843
3 0.483787 0.531135 0.070844 0.020481
3 0.557567 0.531357 0.071305 0.021489
5 0.751188 0.531041 0.019960 0.018952
4 0.866293 0.531734 0.099408 0.020974
3 0.321507 0.551088 0.052236 0.021071
3 0.410730 0.551782 0.124378 0.021628
5 0.750807 0.553261 0.021735 0.017305
4 0.866800 0.553107 0.099408 0.020974
5 0.518052 0.635921 0.069952 0.021852
5 0.599571 0.637046 0.091207 0.019533
5 0.845717 0.640398 0.099416 0.021308
5 0.498422 0.660058 0.174860 0.022140
5 0.620553 0.660327 0.058569 0.020783
5 0.852836 0.663022 0.081716 0.021080
2 0.524907 0.714336 0.097147 0.021279
2 0.622745 0.714415 0.091247 0.021203
2 0.805351 0.737792 0.169516 0.030888
5 0.482751 0.736256 0.097147 0.021279
5 0.601944 0.737064 0.134758 0.025682
5 0.729624 0.846997 0.098991 0.025486
5 0.784560 0.846960 0.021838 0.021647
