3 0.147396 0.449653 0.084731 0.021991
3 0.293910 0.449653 0.194175 0.021991
5 0.699029 0.453125 0.015887 0.019676
4 0.839365 0.454861 0.098853 0.023148
3 0.131509 0.475694 0.052957 0.020833
3 0.245366 0.475116 0.160635 0.021991
5 0.699029 0.478009 0.015887 0.018519
4 0.841571 0.480613 0.105031 0.024884
3 0.196823 0.499421 0.185349 0.021991
3 0.342895 0.497685 0.085613 0.023148
3 0.435128 0.498843 0.084731 0.020833
5 0.698147 0.501736 0.017652 0.019676
4 0.839806 0.504919 0.105031 0.024884
3 0.139453 0.525463 0.068844 0.020833
3 0.230362 0.523727 0.091792 0.019676
5 0.698147 0.526620 0.017652 0.018519
4 0.839806 0.529803 0.105031 0.023727
5 0.403354 0.622106 0.081200 0.019676
5 0.508385 0.622106 0.111209 0.019676
5 0.816858 0.631076 0.120918 0.026042
5 0.376876 0.652199 0.222418 0.021991
5 0.532215 0.650463 0.070609 0.020833
5 0.826567 0.660590 0.101500 0.027199
2 0.408650 0.713542 0.120035 0.019676
2 0.533098 0.713542 0.111209 0.019676
2 0.778906 0.747685 0.184466 0.039352
5 0.372462 0.736111 0.120035 0.019676
5 0.516328 0.737847 0.141218 0.024306
5 0.661518 0.859375 0.122683 0.034722
5 0.757282 0.866609 0.084731 0.028356
