3 0.334356 0.319811 0.067700 0.023854
3 0.408508 0.323354 0.068683 0.020810
3 0.466687 0.325643 0.035800 0.021508
5 0.276038 0.320159 0.016761 0.018693
4 0.561801 0.327012 0.090721 0.020471
5 0.379137 0.343107 0.127147 0.019360
3 0.333973 0.360586 0.066496 0.018473
3 0.388703 0.363163 0.030627 0.016755
3 0.423062 0.363332 0.033509 0.015339
3 0.465812 0.365617 0.043567 0.017888
5 0.271262 0.359266 0.020638 0.016489
4 0.562934 0.367053 0.086509 0.022810
5 0.376884 0.381532 0.128569 0.021723
3 0.326071 0.403038 0.054656 0.021225
3 0.375263 0.403579 0.029862 0.017543
3 0.436179 0.405227 0.077642 0.020341
5 0.270432 0.399266 0.010788 0.018533
4 0.560594 0.407394 0.087574 0.021341
5 0.374092 0.423776 0.126417 0.019333
3 0.330201 0.443552 0.070513 0.018579
3 0.411790 0.446479 0.078407 0.018819
3 0.470108 0.446498 0.029736 0.019012
5 0.270407 0.443466 0.018613 0.015701
4 0.564603 0.449404 0.077585 0.021049
5 0.372100 0.464471 0.128177 0.020094
3 0.323879 0.484140 0.055512 0.017393
3 0.397540 0.486094 0.081323 0.018111
3 0.467751 0.486839 0.054447 0.016658
5 0.268154 0.481891 0.019851 0.021056
4 0.562858 0.489772 0.077711 0.019580
5 0.371751 0.504852 0.123661 0.020068
3 0.316030 0.524702 0.039586 0.017782
3 0.365870 0.524509 0.037595 0.017729
5 0.270258 0.523099 0.021564 0.015020
4 0.563563 0.527502 0.086439 0.020553
5 0.445496 0.527423 0.079598 0.023412
3 0.319762 0.541567 0.054621 0.022748
3 0.394348 0.544702 0.076381 0.018004
3 0.459565 0.546063 0.045489 0.016419
3 0.324281 0.562264 0.041507 0.016313
3 0.381169 0.563032 0.055743 0.018234
5 0.265390 0.542402 0.017687 0.017197
4 0.558747 0.545663 0.086370 0.019031
3 0.317885 0.582289 0.054691 0.021986
3 0.367771 0.583729 0.036795 0.018294
3 0.427547 0.584084 0.080628 0.018898
5 0.262501 0.583858 0.021703 0.018065
4 0.557003 0.584128 0.092608 0.022996
5 0.367180 0.604943 0.131268 0.022511
3 0.306464 0.625041 0.041785 0.022402
3 0.375280 0.625720 0.081728 0.018425
3 0.452466 0.625129 0.062689 0.022960
5 0.255160 0.623712 0.018878 0.024809
4 0.565062 0.625128 0.082688 0.023465
3 0.313420 0.647327 0.049679 0.021092
3 0.368237 0.647267 0.049679 0.021092
5 0.258122 0.646994 0.020708 0.018038
4 0.565547 0.647596 0.081624 0.024253
3 0.329814 0.670246 0.094690 0.021580
3 0.408023 0.670811 0.051774 0.023429
3 0.342759 0.692311 0.094795 0.019297
5 0.253728 0.670129 0.017917 0.015701
4 0.566484 0.670850 0.083731 0.025094
3 0.310245 0.716198 0.059725 0.022146
3 0.380033 0.716116 0.073765 0.022523
5 0.250995 0.715772 0.016761 0.018693
4 0.565342 0.717701 0.085618 0.024359
5 0.477179 0.716477 0.084761 0.025067
5 0.308177 0.761487 0.059759 0.021385
5 0.560253 0.763658 0.099633 0.022474
5 0.340642 0.784490 0.124461 0.020041
5 0.567653 0.787099 0.086657 0.022890
5 0.320623 0.806426 0.086370 0.019766
5 0.568017 0.811929 0.085653 0.023518
5 0.334094 0.828898 0.109495 0.021926
5 0.550104 0.834245 0.125434 0.023086
5 0.329724 0.848989 0.094599 0.019217
5 0.426111 0.853049 0.084449 0.020500
5 0.570463 0.856142 0.082493 0.020394
5 0.307697 0.870845 0.050709 0.021880
5 0.358480 0.871820 0.044841 0.024004
5 0.564964 0.877322 0.095594 0.020819
2 0.312418 0.897618 0.055038 0.031120
2 0.481712 0.904079 0.241028 0.041472
