5 0.116898 0.666093 0.020833 0.027539
3 0.234954 0.666093 0.108796 0.027539
3 0.331597 0.666954 0.072917 0.036145
3 0.409722 0.662651 0.078704 0.027539
3 0.524306 0.662651 0.136574 0.027539
4 0.719907 0.664372 0.120370 0.030981
5 0.171296 0.718589 0.138889 0.029260
5 0.250000 0.718589 0.018519 0.025818
5 0.724537 0.715146 0.120370 0.029260
2 0.146991 0.745267 0.094907 0.027539
2 0.726852 0.743546 0.122685 0.030981
5 0.133681 0.775818 0.077546 0.038726
5 0.223380 0.772375 0.092593 0.031842
5 0.336227 0.770654 0.119213 0.035284
5 0.617477 0.777969 0.151620 0.032702
5 0.737269 0.777108 0.094907 0.029260
