5 0.155558 0.376524 0.023505 0.026520
3 0.237737 0.375553 0.101198 0.030525
3 0.352977 0.372648 0.098916 0.030498
3 0.469358 0.369729 0.098916 0.030498
4 0.619379 0.365255 0.122825 0.033070
5 0.221673 0.416676 0.076048 0.028684
5 0.339195 0.413744 0.123986 0.029250
5 0.620455 0.406947 0.125028 0.033070
5 0.222728 0.457596 0.076088 0.030229
5 0.640393 0.449575 0.103481 0.030552
2 0.245604 0.547687 0.130914 0.032420
2 0.393904 0.542847 0.126349 0.032366
2 0.637518 0.537268 0.134199 0.034722
5 0.278168 0.593256 0.205104 0.037129
5 0.627320 0.584499 0.154863 0.036536
5 0.256615 0.642553 0.154883 0.037308
5 0.646276 0.633318 0.133237 0.033991
