3 0.358183 0.435978 0.055756 0.022966
3 0.436866 0.436575 0.099645 0.022690
3 0.505041 0.438031 0.036982 0.026275
5 0.267751 0.432406 0.013901 0.018044
4 0.600651 0.461207 0.102666 0.024566
3 0.349627 0.481196 0.042607 0.022509
3 0.394866 0.483201 0.049748 0.024370
3 0.432779 0.483054 0.027954 0.023125
3 0.485466 0.485659 0.083349 0.015971
3 0.342716 0.502192 0.036843 0.023278
5 0.263970 0.479851 0.014700 0.017695
4 0.599119 0.529335 0.103662 0.022231
3 0.345138 0.550795 0.039816 0.017231
3 0.398821 0.551477 0.063706 0.022492
3 0.447498 0.553947 0.037908 0.025640
5 0.260014 0.548722 0.012975 0.016899
4 0.599933 0.577332 0.103627 0.022770
3 0.369205 0.599207 0.086635 0.024649
3 0.436471 0.599084 0.047688 0.022805
5 0.257639 0.598681 0.014735 0.017695
4 0.616639 0.627466 0.075721 0.021249
5 0.382444 0.659673 0.092586 0.024756
5 0.597996 0.664707 0.117493 0.023916
5 0.380155 0.731237 0.092481 0.023191
5 0.631733 0.734943 0.051727 0.022143
2 0.367635 0.767486 0.070709 0.021884
2 0.583621 0.771406 0.154358 0.027961
5 0.333626 0.823794 0.095711 0.024646
5 0.599036 0.828052 0.122574 0.024023
5 0.327520 0.848799 0.081740 0.025257
5 0.633862 0.853612 0.052757 0.020658
5 0.332402 0.885388 0.018913 0.021569
5 0.384187 0.885442 0.082875 0.026131
5 0.458449 0.885468 0.069726 0.021830
