5 0.111794 0.341821 0.027027 0.023148
3 0.197174 0.342978 0.116708 0.027006
3 0.376536 0.345679 0.214988 0.029321
5 0.113022 0.368056 0.024570 0.026235
3 0.200860 0.371914 0.121622 0.037037
3 0.345823 0.373843 0.156020 0.031636
3 0.471130 0.375000 0.082310 0.038580
3 0.545455 0.377315 0.044226 0.026235
4 0.819410 0.378858 0.149877 0.026235
5 0.110565 0.395062 0.029484 0.024691
3 0.218059 0.396605 0.153563 0.027778
3 0.425676 0.398920 0.234644 0.027778
4 0.824324 0.405093 0.140049 0.026235
5 0.114251 0.422840 0.027027 0.024691
3 0.210688 0.424383 0.136364 0.027778
3 0.315725 0.424383 0.046683 0.024691
3 0.379607 0.423611 0.046683 0.023148
4 0.822482 0.430556 0.153563 0.029321
5 0.111794 0.449074 0.027027 0.024691
3 0.185504 0.450617 0.090909 0.024691
3 0.304668 0.449846 0.113022 0.023148
4 0.831081 0.457562 0.136364 0.030864
5 0.261057 0.501543 0.234644 0.027778
5 0.822482 0.509645 0.158477 0.030093
5 0.200246 0.528549 0.113022 0.024691
5 0.307125 0.527778 0.068796 0.024691
5 0.388206 0.527778 0.068796 0.024691
5 0.821253 0.535880 0.153563 0.033179
5 0.231572 0.581790 0.175676 0.029321
5 0.816339 0.584877 0.156020 0.029321
5 0.217445 0.611111 0.154791 0.024691
5 0.824939 0.609568 0.133907 0.027778
5 0.179361 0.638117 0.068796 0.026235
5 0.824939 0.635802 0.136364 0.032407
5 0.231572 0.689429 0.183047 0.031636
5 0.417690 0.685957 0.167076 0.023148
5 0.823096 0.687114 0.137592 0.030093
5 0.226658 0.716435 0.178133 0.031636
5 0.404177 0.709491 0.152334 0.033179
5 0.822482 0.712191 0.136364 0.030864
5 0.231572 0.743441 0.183047 0.033179
5 0.375921 0.736497 0.095823 0.028549
5 0.812654 0.736883 0.156020 0.030864
2 0.740172 0.787037 0.293612 0.032407
2 0.246929 0.795910 0.211302 0.043981
5 0.178747 0.854552 0.074939 0.030093
5 0.273342 0.847608 0.094595 0.031636
5 0.812039 0.841049 0.159705 0.035494
