5 0.150150 0.606759 0.018018 0.021505
3 0.321922 0.605223 0.115315 0.024578
3 0.439640 0.603303 0.099700 0.024578
4 0.779279 0.602535 0.118318 0.026114
5 0.150150 0.636137 0.018018 0.021121
3 0.330931 0.634409 0.133333 0.024578
3 0.466667 0.632873 0.117718 0.024578
3 0.604805 0.632873 0.133333 0.024578
4 0.771772 0.632873 0.133333 0.024578
5 0.151351 0.664939 0.015616 0.019585
3 0.330931 0.663210 0.133333 0.026114
3 0.458859 0.662442 0.097297 0.024578
4 0.780480 0.661674 0.120721 0.026114
5 0.154054 0.692780 0.015015 0.019969
3 0.315315 0.691244 0.097297 0.023041
3 0.422823 0.692012 0.097297 0.024578
3 0.560060 0.691244 0.150751 0.026114
4 0.781982 0.691244 0.117718 0.026114
5 0.272973 0.719470 0.112312 0.025730
5 0.772973 0.720430 0.138138 0.029186
5 0.248649 0.746928 0.061261 0.023041
5 0.319219 0.747696 0.059459 0.024578
5 0.379580 0.749232 0.040841 0.024578
5 0.781982 0.750000 0.117718 0.026114
5 0.246246 0.775346 0.056456 0.024578
5 0.320721 0.776306 0.056456 0.022657
5 0.783183 0.778802 0.120120 0.024578
2 0.269069 0.832949 0.097297 0.024578
2 0.484384 0.837174 0.135135 0.028418
