3 0.137153 0.337989 0.159722 0.039106
3 0.300347 0.335196 0.170139 0.033520
5 0.398438 0.336592 0.022569 0.030726
5 0.119792 0.371508 0.121528 0.033520
4 0.555556 0.353352 0.125000 0.036313
3 0.119792 0.408520 0.125000 0.037709
3 0.257812 0.412011 0.151042 0.044693
5 0.352431 0.412011 0.024306 0.030726
5 0.119792 0.448324 0.121528 0.036313
4 0.553819 0.430168 0.121528 0.033520
3 0.121528 0.486034 0.125000 0.033520
3 0.295139 0.490223 0.222222 0.039106
3 0.114583 0.525140 0.111111 0.033520
5 0.184028 0.525140 0.020833 0.036313
5 0.259549 0.525140 0.119792 0.033520
4 0.553819 0.506285 0.121528 0.034916
5 0.098958 0.617318 0.079861 0.033520
5 0.187500 0.617318 0.090278 0.033520
5 0.541667 0.638268 0.138889 0.036313
5 0.193576 0.673883 0.265625 0.046089
5 0.116319 0.727654 0.107639 0.030726
5 0.541667 0.748603 0.138889 0.033520
5 0.159722 0.821229 0.194444 0.033520
5 0.592014 0.821229 0.031250 0.033520
