3 0.222877 0.630015 0.172170 0.034722
3 0.370873 0.620370 0.109670 0.027778
4 0.824292 0.630401 0.103774 0.032407
3 0.207547 0.663194 0.139151 0.036265
3 0.330778 0.654321 0.097877 0.030864
4 0.827241 0.663580 0.102594 0.032407
3 0.215212 0.695602 0.152123 0.034722
3 0.354953 0.687886 0.106132 0.027006
4 0.841981 0.695216 0.061321 0.026235
5 0.218750 0.763117 0.154481 0.041667
5 0.816627 0.764660 0.121462 0.041667
5 0.176297 0.801312 0.067217 0.031636
5 0.264741 0.790895 0.095519 0.037037
5 0.822524 0.798225 0.102594 0.034722
5 0.199882 0.862269 0.102594 0.036265
5 0.862028 0.861883 0.021226 0.020062
2 0.187500 0.893904 0.084906 0.030093
2 0.272406 0.884259 0.077830 0.027778
2 0.364976 0.869213 0.093160 0.033179
2 0.814269 0.886960 0.123821 0.036265
5 0.190448 0.953704 0.086085 0.032407
5 0.818986 0.943287 0.121462 0.034722
