5 0.116319 0.418981 0.017361 0.023148
3 0.215278 0.415509 0.048611 0.025463
3 0.260417 0.416667 0.020833 0.023148
3 0.305556 0.414352 0.048611 0.027778
4 0.760417 0.409722 0.118056 0.027778
5 0.118056 0.449074 0.020833 0.023148
3 0.244792 0.445602 0.100694 0.025463
3 0.343750 0.445602 0.083333 0.025463
4 0.770833 0.439815 0.104167 0.027778
5 0.427083 0.501157 0.062500 0.025463
5 0.513889 0.500000 0.097222 0.023148
5 0.762153 0.497685 0.121528 0.027778
5 0.414931 0.585648 0.121528 0.027778
5 0.508681 0.585648 0.045139 0.027778
5 0.555556 0.585648 0.020833 0.018519
5 0.776042 0.585648 0.100694 0.027778
2 0.515625 0.671296 0.100694 0.027778
2 0.774306 0.659722 0.125000 0.050926
5 0.519097 0.699074 0.107639 0.027778
5 0.777778 0.700231 0.125000 0.030093
5 0.548611 0.730324 0.125000 0.030093
5 0.779514 0.732639 0.128472 0.030093
5 0.170139 0.930556 0.027778 0.027778
5 0.255208 0.930556 0.121528 0.027778
