3 0.224863 0.378510 0.113346 0.024420
3 0.310786 0.379731 0.043876 0.021978
3 0.409506 0.380952 0.138940 0.024420
5 0.531993 0.380952 0.018282 0.019536
5 0.654479 0.378510 0.109689 0.029304
4 0.785192 0.373016 0.115174 0.035409
3 0.215722 0.407814 0.095064 0.024420
3 0.334552 0.407814 0.127971 0.024420
3 0.420475 0.411477 0.021938 0.021978
5 0.531993 0.409035 0.018282 0.021978
5 0.655393 0.406593 0.115174 0.034188
4 0.787934 0.402930 0.113346 0.029304
3 0.266910 0.437118 0.197441 0.024420
5 0.535649 0.438339 0.018282 0.021978
5 0.657221 0.434676 0.111517 0.031746
4 0.793419 0.432234 0.109689 0.029304
5 0.376600 0.498168 0.146252 0.024420
5 0.787934 0.493284 0.127971 0.029304
5 0.376600 0.527473 0.146252 0.024420
5 0.808044 0.522589 0.095064 0.029304
5 0.797075 0.584249 0.135283 0.035409
5 0.334552 0.621490 0.062157 0.026862
5 0.807130 0.616606 0.118830 0.034188
2 0.363803 0.695971 0.113346 0.043956
2 0.786106 0.694750 0.160878 0.051282
5 0.362888 0.755189 0.118830 0.047619
5 0.791590 0.753358 0.164534 0.053724
5 0.382084 0.814408 0.157221 0.046398
5 0.806216 0.815629 0.142596 0.053724
