5 0.173540 0.337438 0.024133 0.022050
3 0.260524 0.334148 0.103210 0.025040
3 0.348757 0.332446 0.058023 0.023332
3 0.414337 0.330784 0.053623 0.024791
3 0.484318 0.327320 0.067060 0.023673
4 0.690036 0.321174 0.164449 0.030608
5 0.175612 0.365970 0.024251 0.023680
3 0.264974 0.364226 0.103328 0.026671
3 0.354277 0.361666 0.055764 0.023246
3 0.442392 0.358333 0.100950 0.024955
4 0.705664 0.349194 0.153034 0.028551
5 0.271615 0.424466 0.153034 0.028551
5 0.671101 0.410993 0.172297 0.037344
5 0.226418 0.457238 0.058141 0.024962
5 0.332607 0.453222 0.139478 0.028038
5 0.671003 0.441241 0.153808 0.031769
2 0.245376 0.484314 0.105351 0.023496
2 0.336761 0.479223 0.057904 0.021701
2 0.682769 0.462868 0.174024 0.030907
5 0.216227 0.535281 0.058023 0.023332
5 0.288526 0.532546 0.058023 0.023332
5 0.733826 0.511208 0.183298 0.032064
5 0.239685 0.624313 0.119262 0.028899
5 0.667712 0.606490 0.080853 0.027447
