5 0.165199 0.283652 0.020942 0.023084
3 0.232757 0.280903 0.103745 0.031842
3 0.311916 0.279008 0.057569 0.030736
4 0.679621 0.269074 0.100332 0.029502
5 0.169879 0.310706 0.020942 0.023084
3 0.258934 0.308574 0.146508 0.030607
3 0.376024 0.305771 0.083840 0.029107
4 0.684302 0.296128 0.100332 0.029502
5 0.167905 0.336788 0.021057 0.025345
3 0.262646 0.333387 0.161293 0.035405
4 0.684035 0.323300 0.103630 0.029580
5 0.169288 0.363920 0.021057 0.025345
3 0.243442 0.361013 0.116823 0.029896
3 0.330848 0.358921 0.054155 0.028396
3 0.406709 0.357105 0.087138 0.029186
4 0.683768 0.350472 0.100332 0.029502
5 0.200412 0.391473 0.053925 0.023874
5 0.266263 0.387633 0.073945 0.028870
5 0.347072 0.385698 0.083840 0.029107
5 0.429530 0.383724 0.070647 0.028791
5 0.170403 0.418225 0.017759 0.025267
3 0.228066 0.415713 0.087138 0.029186
3 0.325424 0.414514 0.103745 0.031842
4 0.688239 0.405829 0.103745 0.031842
5 0.214721 0.445462 0.090437 0.029265
5 0.303775 0.443330 0.083840 0.029107
5 0.387825 0.440186 0.067464 0.030973
5 0.171748 0.477053 0.021057 0.025345
3 0.259096 0.473830 0.149807 0.030686
3 0.379427 0.469817 0.087254 0.031447
4 0.691118 0.462356 0.103745 0.031842
5 0.215893 0.500898 0.087023 0.026925
5 0.304890 0.497635 0.087138 0.029186
5 0.388998 0.495622 0.070647 0.028791
5 0.254997 0.555425 0.133315 0.030291
5 0.693731 0.546054 0.120237 0.032236
5 0.231642 0.583150 0.090437 0.029265
5 0.307503 0.581334 0.057454 0.028475
5 0.700061 0.573069 0.103745 0.031842
2 0.234846 0.613635 0.087254 0.031447
2 0.696610 0.602581 0.120237 0.032236
5 0.172120 0.614005 0.027769 0.027764
5 0.257515 0.669688 0.133430 0.032552
5 0.702846 0.660159 0.120352 0.034497
5 0.250672 0.729843 0.120122 0.029975
5 0.714202 0.721011 0.110457 0.034261
