3 0.158690 0.628647 0.110831 0.058355
3 0.285894 0.631300 0.118388 0.058355
5 0.117128 0.690981 0.027708 0.055703
5 0.251889 0.690981 0.161209 0.066313
4 0.821159 0.693634 0.171285 0.061008
3 0.149874 0.754642 0.118388 0.061008
3 0.287154 0.757294 0.130982 0.061008
3 0.426952 0.757294 0.108312 0.061008
3 0.566751 0.759947 0.141058 0.071618
5 0.107053 0.818302 0.027708 0.055703
5 0.234257 0.818302 0.141058 0.066313
4 0.841310 0.824934 0.136020 0.068966
5 0.188917 0.949602 0.221662 0.074271
5 0.836272 0.953581 0.166247 0.066313
5 0.186398 0.993369 0.231738 0.013263
