5 0.219419 0.416336 0.012869 0.020049
3 0.299913 0.417282 0.113502 0.020617
3 0.408623 0.417198 0.079674 0.023167
4 0.738584 0.418682 0.095554 0.026811
5 0.217417 0.440646 0.011515 0.019196
3 0.280252 0.441204 0.084769 0.020808
3 0.376489 0.441671 0.078229 0.020664
3 0.488446 0.442072 0.113593 0.022266
4 0.745040 0.444005 0.082336 0.024049
2 0.315172 0.496461 0.159028 0.040561
2 0.686088 0.503388 0.194301 0.040514
5 0.263143 0.525450 0.067901 0.022908
5 0.738889 0.531382 0.100649 0.024452
5 0.326044 0.560271 0.195655 0.041368
5 0.772495 0.563081 0.038545 0.035439
