4 0.615451 0.350282 0.039062 0.017841
4 0.678602 0.348944 0.079427 0.015165
3 0.230252 0.350282 0.061198 0.015462
3 0.294054 0.350877 0.062934 0.016652
5 0.491319 0.349539 0.027778 0.013976
5 0.395182 0.375558 0.035156 0.017841
5 0.424913 0.373030 0.016493 0.015165
5 0.264540 0.373625 0.115017 0.013976
5 0.348741 0.373030 0.049913 0.015165
5 0.447917 0.395926 0.037326 0.017544
5 0.477648 0.393399 0.018663 0.015462
5 0.246962 0.396224 0.082465 0.022302
5 0.315538 0.394737 0.057292 0.015165
5 0.386719 0.393993 0.081597 0.016652
5 0.398872 0.416890 0.035590 0.019031
5 0.428385 0.414957 0.016493 0.015165
5 0.271050 0.415552 0.128906 0.020517
5 0.358073 0.414957 0.042535 0.015165
4 0.616536 0.465061 0.036892 0.019031
4 0.679470 0.463872 0.077691 0.016652
3 0.222005 0.463128 0.048177 0.015165
3 0.276693 0.463128 0.053385 0.015165
5 0.491319 0.463723 0.027778 0.013976
5 0.241536 0.500595 0.090712 0.016354
5 0.621962 0.503122 0.037326 0.019031
5 0.681207 0.501189 0.074219 0.015165
2 0.241536 0.543711 0.087240 0.021707
2 0.550564 0.548320 0.070747 0.033898
2 0.654514 0.544306 0.127604 0.022896
5 0.224826 0.574933 0.053819 0.015165
5 0.609158 0.578055 0.036892 0.019031
5 0.675781 0.576123 0.085069 0.015165
5 0.241319 0.599465 0.085069 0.019031
5 0.621962 0.601546 0.037326 0.017841
5 0.680339 0.600208 0.075955 0.015165
