3 0.241610 0.526827 0.043111 0.018100
3 0.309499 0.527137 0.084801 0.019193
5 0.483239 0.529135 0.020174 0.016674
5 0.543329 0.529885 0.088055 0.019020
4 0.689045 0.531908 0.090098 0.019062
3 0.247243 0.548997 0.060215 0.017494
3 0.315921 0.549803 0.072543 0.018942
5 0.481898 0.551641 0.020174 0.016674
5 0.548081 0.553115 0.075869 0.019966
4 0.694657 0.554437 0.076221 0.019017
5 0.251129 0.571133 0.070362 0.016785
5 0.688821 0.576852 0.088478 0.019268
5 0.235088 0.591659 0.044280 0.017168
5 0.685910 0.598247 0.088464 0.019028
5 0.235557 0.614682 0.048014 0.018201
5 0.300112 0.616003 0.072529 0.018702
5 0.351418 0.616573 0.022216 0.016716
5 0.694228 0.619993 0.075798 0.018769
2 0.245516 0.636341 0.074586 0.018984
2 0.322942 0.637925 0.072543 0.018942
2 0.684926 0.642217 0.088478 0.019268
5 0.246013 0.658885 0.070909 0.018908
5 0.687079 0.664435 0.087692 0.018348
5 0.254951 0.680524 0.098678 0.019237
5 0.690275 0.686316 0.075798 0.018769
