5 0.138338 0.325683 0.024482 0.034947
3 0.223483 0.324456 0.114631 0.035163
3 0.355813 0.323198 0.129100 0.035833
4 0.847140 0.297698 0.135132 0.043206
5 0.251756 0.363110 0.171501 0.037896
5 0.845739 0.336664 0.139128 0.045521
5 0.222300 0.402336 0.091823 0.036772
5 0.332226 0.399555 0.103032 0.035385
5 0.853190 0.374454 0.134298 0.041783
5 0.269059 0.477845 0.170004 0.042062
5 0.856788 0.452814 0.132042 0.040206
5 0.239296 0.519309 0.115170 0.039381
5 0.341510 0.513570 0.066515 0.035535
5 0.865136 0.493897 0.113208 0.040752
2 0.244750 0.557940 0.113894 0.044284
2 0.858989 0.532700 0.127286 0.037256
5 0.160120 0.564670 0.024482 0.034947
5 0.302128 0.633301 0.216646 0.050074
5 0.913008 0.612323 0.045277 0.033029
5 0.249277 0.677374 0.122256 0.045331
5 0.872258 0.650273 0.136688 0.040211
