3 0.162379 0.452073 0.196141 0.040587
3 0.319936 0.449914 0.099678 0.034542
3 0.431404 0.447323 0.097535 0.037997
4 0.818328 0.446891 0.056806 0.031952
4 0.902465 0.446028 0.117899 0.030225
3 0.163987 0.493092 0.197213 0.037997
3 0.338692 0.489637 0.137192 0.034542
3 0.471061 0.488774 0.099678 0.036269
4 0.816720 0.486183 0.064309 0.036269
4 0.904073 0.487478 0.116827 0.031952
3 0.116827 0.534111 0.102894 0.035406
3 0.211147 0.532383 0.062165 0.035406
3 0.293676 0.530225 0.083601 0.036269
4 0.819400 0.528066 0.061093 0.033679
4 0.905145 0.528066 0.112540 0.030225
3 0.184352 0.575561 0.218650 0.033679
3 0.357449 0.574266 0.103966 0.041451
4 0.819936 0.569085 0.057878 0.031088
4 0.904073 0.569085 0.114684 0.029361
3 0.133976 0.615285 0.137192 0.037133
3 0.339228 0.613126 0.239014 0.031088
4 0.839228 0.609240 0.055734 0.033679
4 0.912111 0.610104 0.096463 0.030225
5 0.134512 0.656304 0.142551 0.032815
5 0.278135 0.655009 0.129689 0.042314
5 0.821543 0.649396 0.058950 0.034542
5 0.905145 0.650259 0.110397 0.029361
2 0.114684 0.738342 0.096463 0.036269
2 0.801715 0.731865 0.057878 0.033679
2 0.894427 0.731865 0.131833 0.030225
5 0.098071 0.779361 0.061093 0.035406
5 0.822079 0.771157 0.057878 0.031088
5 0.906217 0.772021 0.110397 0.029361
