3 0.163218 0.527745 0.110080 0.025213
3 0.266573 0.526000 0.065451 0.023564
3 0.449176 0.523813 0.064022 0.021978
3 0.550037 0.523655 0.103539 0.026639
5 0.445885 0.556492 0.059018 0.025703
5 0.220845 0.559932 0.232145 0.031561
5 0.652542 0.551880 0.111205 0.024474
5 0.156431 0.589271 0.109943 0.025213
5 0.645487 0.586939 0.132592 0.033279
4 0.155764 0.632270 0.112621 0.046726
4 0.453320 0.637294 0.076771 0.060512
4 0.635412 0.627046 0.161113 0.050755
5 0.153480 0.715559 0.102231 0.027352
5 0.444921 0.715748 0.064525 0.029668
5 0.645244 0.715089 0.156183 0.033814
5 0.173803 0.748906 0.143999 0.026676
5 0.447205 0.754438 0.062183 0.034953
5 0.679485 0.751221 0.091995 0.030970
