5 0.151395 0.371488 0.013975 0.016938
3 0.279003 0.369553 0.135006 0.023610
3 0.404335 0.368368 0.090792 0.020894
4 0.661849 0.363014 0.077289 0.022260
5 0.151912 0.395144 0.011758 0.018437
3 0.261436 0.394147 0.095306 0.020947
3 0.354635 0.391432 0.079650 0.021961
4 0.663496 0.386683 0.077250 0.020734
5 0.152411 0.419562 0.014015 0.018464
3 0.233741 0.417470 0.036663 0.021780
3 0.269873 0.417133 0.013975 0.016938
3 0.306024 0.416034 0.036624 0.020255
4 0.656698 0.409490 0.088678 0.021855
5 0.154037 0.443994 0.014015 0.018464
3 0.276617 0.440099 0.120276 0.023007
4 0.666808 0.433259 0.077289 0.022260
5 0.403559 0.485845 0.050166 0.020415
5 0.471892 0.483981 0.075136 0.022777
5 0.664458 0.480531 0.088574 0.022393
5 0.400015 0.557515 0.095489 0.023327
5 0.472901 0.554560 0.034406 0.021754
5 0.509033 0.554223 0.016232 0.016965
5 0.677900 0.550112 0.077393 0.022015
2 0.481859 0.623326 0.077413 0.025065
2 0.676958 0.608463 0.098461 0.040855
5 0.491483 0.643656 0.066089 0.022910
5 0.681258 0.639029 0.093192 0.024116
5 0.470940 0.695672 0.109011 0.024692
5 0.693490 0.689524 0.079631 0.025801
5 0.221340 0.810213 0.023082 0.020095
5 0.289089 0.809487 0.095385 0.023998
