5 0.123912 0.478084 0.048264 0.030580
5 0.224373 0.478171 0.099451 0.031450
4 0.733959 0.481038 0.123098 0.030958
5 0.198948 0.514209 0.199289 0.033889
5 0.127503 0.548522 0.048242 0.029855
5 0.235955 0.548869 0.124433 0.032785
4 0.731456 0.551960 0.123659 0.028425
5 0.199986 0.584631 0.206954 0.034684
5 0.126263 0.620001 0.048882 0.029861
5 0.235536 0.619823 0.129163 0.033918
4 0.728584 0.624512 0.127632 0.032817
5 0.199264 0.655566 0.199563 0.032087
5 0.164106 0.689871 0.123782 0.032416
5 0.665944 0.695020 0.243395 0.033237
