3 0.132394 0.552953 0.081690 0.036660
3 0.245070 0.551426 0.109859 0.039715
4 0.835211 0.550916 0.163380 0.040733
5 0.501408 0.596741 0.256338 0.038697
5 0.290141 0.644603 0.402817 0.040733
5 0.835211 0.645621 0.163380 0.038697
5 0.126761 0.692464 0.081690 0.038697
5 0.232394 0.692464 0.078873 0.038697
5 0.847887 0.692464 0.138028 0.038697
2 0.152113 0.738289 0.132394 0.038697
2 0.833803 0.737271 0.160563 0.038697
5 0.191549 0.785132 0.200000 0.036660
5 0.829577 0.779022 0.157746 0.036660
5 0.170423 0.826884 0.157746 0.034623
5 0.828169 0.817719 0.149296 0.032587
