5 0.136792 0.642191 0.022406 0.026418
3 0.238797 0.642191 0.150943 0.029526
3 0.369693 0.642968 0.090802 0.027972
4 0.803656 0.646270 0.133255 0.031469
5 0.267689 0.676185 0.088443 0.028361
5 0.369693 0.676962 0.090802 0.029915
5 0.492925 0.676962 0.130896 0.029915
5 0.134434 0.708625 0.022406 0.026418
3 0.236439 0.709402 0.150943 0.027972
3 0.411262 0.710179 0.173939 0.029526
4 0.804835 0.714258 0.135613 0.031469
5 0.274175 0.743395 0.110849 0.029915
5 0.399764 0.743395 0.110849 0.029915
5 0.522995 0.744949 0.110849 0.029915
5 0.222583 0.776418 0.170401 0.033800
5 0.428656 0.778166 0.168632 0.029526
5 0.734670 0.780692 0.150943 0.031469
5 0.221108 0.810412 0.130896 0.027972
5 0.797465 0.816239 0.152712 0.033411
5 0.232606 0.844794 0.155071 0.031469
5 0.386203 0.845960 0.135613 0.032246
5 0.807193 0.850233 0.130896 0.031469
5 0.191038 0.878399 0.070755 0.027972
5 0.807193 0.884227 0.130896 0.029526
2 0.261498 0.945416 0.205778 0.029915
2 0.723172 0.949689 0.289505 0.031469
