5 0.300999 0.440759 0.036865 0.028603
5 0.384983 0.438522 0.081914 0.029754
3 0.317980 0.467175 0.064923 0.029353
4 0.570848 0.461139 0.094855 0.030156
5 0.302807 0.494832 0.037465 0.030957
5 0.386619 0.492979 0.083580 0.032930
3 0.318157 0.522452 0.069644 0.031047
4 0.573831 0.515158 0.095885 0.032457
5 0.304373 0.548191 0.039851 0.028656
5 0.389369 0.546641 0.085005 0.031396
3 0.318008 0.576975 0.068974 0.032501
4 0.577295 0.569998 0.095885 0.033224
5 0.349782 0.604167 0.135341 0.033555
5 0.579061 0.596830 0.100897 0.033358
5 0.327908 0.662691 0.087030 0.034517
5 0.485594 0.658116 0.056138 0.034400
2 0.376477 0.691372 0.087956 0.034517
2 0.543481 0.715304 0.196560 0.043546
5 0.356346 0.751786 0.133919 0.035696
5 0.587993 0.744052 0.118419 0.040003
5 0.343481 0.780351 0.101566 0.031500
5 0.598290 0.774861 0.104448 0.037354
