3 0.459861 0.351500 0.041645 0.051532
3 0.502365 0.401970 0.057960 0.068533
5 0.571916 0.480596 0.015027 0.019657
4 0.617211 0.538504 0.053237 0.066407
3 0.459432 0.380188 0.066546 0.081283
5 0.559036 0.495471 0.016744 0.021782
4 0.605404 0.553379 0.052808 0.065345
3 0.434960 0.382048 0.043362 0.054188
3 0.472312 0.425611 0.045938 0.055251
5 0.546586 0.510878 0.016744 0.021782
4 0.596388 0.570645 0.047656 0.058439
3 0.430667 0.407282 0.063112 0.075970
3 0.483045 0.468643 0.057101 0.068001
3 0.402975 0.405689 0.033488 0.040907
3 0.434101 0.441283 0.042504 0.051532
5 0.534135 0.526285 0.015885 0.020719
4 0.581362 0.581801 0.054525 0.065876
3 0.383440 0.406220 0.012451 0.015407
3 0.408342 0.441549 0.059677 0.073314
3 0.455568 0.497597 0.051949 0.064282
5 0.507946 0.557363 0.017603 0.021250
4 0.559466 0.618724 0.048514 0.060032
3 0.385587 0.445267 0.049373 0.060564
3 0.423797 0.490690 0.043362 0.053657
3 0.449772 0.522034 0.027477 0.034532
3 0.467374 0.540894 0.022325 0.028688
5 0.493564 0.573832 0.017173 0.021250
4 0.543795 0.630146 0.054954 0.066939
3 0.369058 0.456158 0.042933 0.051532
3 0.413064 0.508487 0.060536 0.073314
3 0.358754 0.474752 0.049802 0.060032
5 0.481757 0.588973 0.018461 0.022844
4 0.525119 0.640505 0.069981 0.079158
3 0.351885 0.495471 0.061824 0.075970
3 0.348665 0.520972 0.082002 0.102533
3 0.325696 0.524425 0.065258 0.081814
5 0.454065 0.618989 0.023184 0.028688
4 0.503224 0.677959 0.057960 0.069064
3 0.300365 0.525222 0.042074 0.051532
3 0.334926 0.570379 0.041645 0.051532
3 0.364550 0.605974 0.031341 0.038782
5 0.414782 0.668662 0.018461 0.022844
4 0.461149 0.729491 0.056242 0.068001
3 0.273961 0.525222 0.021037 0.024969
3 0.293496 0.548597 0.034346 0.041970
3 0.329130 0.592692 0.053237 0.065345
5 0.400399 0.684069 0.016315 0.021782
4 0.449557 0.748351 0.056242 0.070658
3 0.278469 0.564801 0.058389 0.073314
3 0.275249 0.596411 0.082002 0.103596
5 0.386231 0.701335 0.017173 0.021250
4 0.435175 0.764289 0.057530 0.070658
5 0.231672 0.592426 0.033488 0.041438
5 0.256788 0.625364 0.035634 0.046751
5 0.394603 0.801211 0.068263 0.083939
5 0.225876 0.619786 0.046797 0.061095
5 0.383870 0.826446 0.057101 0.071720
5 0.204839 0.624568 0.029624 0.038782
5 0.372492 0.843181 0.055813 0.070126
5 0.206771 0.658303 0.055813 0.072251
5 0.357895 0.858322 0.055813 0.070658
2 0.184875 0.679819 0.046368 0.062157
2 0.335141 0.875853 0.066976 0.082345
5 0.171137 0.687522 0.031770 0.043563
5 0.323120 0.892057 0.063541 0.081814
5 0.175215 0.732148 0.061394 0.090314
5 0.325266 0.939073 0.018032 0.023907
