3 0.206507 0.586135 0.094895 0.029163
3 0.315256 0.578073 0.112435 0.031383
5 0.508981 0.564827 0.019289 0.022748
5 0.581681 0.559282 0.103018 0.036366
4 0.768667 0.547597 0.118066 0.030482
3 0.209639 0.616539 0.102465 0.030424
3 0.313310 0.609977 0.095448 0.031444
5 0.511051 0.594090 0.021227 0.024009
5 0.588088 0.591907 0.107542 0.035465
4 0.772074 0.579711 0.111788 0.036965
3 0.184382 0.652162 0.044029 0.025807
3 0.255512 0.646916 0.081416 0.031626
3 0.366522 0.637984 0.138561 0.035462
5 0.519305 0.628696 0.027042 0.027790
5 0.592973 0.623661 0.104587 0.035345
4 0.778206 0.612155 0.113357 0.035945
5 0.212346 0.682537 0.097018 0.029163
5 0.786599 0.642079 0.113173 0.036965
5 0.205683 0.751026 0.069323 0.031807
5 0.286644 0.747223 0.103850 0.030783
5 0.360035 0.740477 0.041627 0.032170
5 0.815016 0.708860 0.095264 0.034626
2 0.218875 0.788123 0.104219 0.034085
2 0.324531 0.778650 0.103755 0.040928
2 0.809330 0.744935 0.107911 0.035585
5 0.222559 0.822458 0.097018 0.031564
5 0.812322 0.779390 0.127021 0.034743
5 0.241521 0.858056 0.137545 0.036363
5 0.826807 0.813516 0.113357 0.037085
