5 0.085232 0.524925 0.020991 0.022344
3 0.186087 0.525445 0.031429 0.023519
3 0.223735 0.525691 0.032149 0.026156
3 0.310183 0.526583 0.130332 0.024852
3 0.424115 0.527773 0.091045 0.024442
4 0.765807 0.534230 0.122543 0.025848
5 0.084358 0.554875 0.020956 0.023539
3 0.210127 0.554921 0.092872 0.026771
3 0.336432 0.557824 0.149392 0.025827
4 0.772807 0.564321 0.106760 0.024606
5 0.081502 0.585423 0.024816 0.025889
3 0.237753 0.584591 0.146047 0.025016
3 0.365109 0.585462 0.090394 0.023478
3 0.440148 0.584353 0.047830 0.023990
4 0.762111 0.593522 0.126506 0.027023
5 0.079663 0.615260 0.024292 0.024427
3 0.209361 0.614851 0.091045 0.024442
3 0.293861 0.614558 0.071470 0.026586
3 0.401968 0.613336 0.122543 0.027120
4 0.771092 0.622513 0.106897 0.028198
5 0.075825 0.645787 0.022328 0.024878
3 0.241520 0.644876 0.169070 0.028177
4 0.768271 0.652418 0.110757 0.026996
5 0.075293 0.675150 0.025536 0.022590
3 0.223361 0.673761 0.130332 0.024852
3 0.348718 0.673922 0.110037 0.027002
4 0.759556 0.681709 0.126403 0.024811
5 0.402434 0.732043 0.067473 0.024195
5 0.493810 0.731822 0.104727 0.029244
5 0.754895 0.739747 0.132434 0.028177
5 0.444665 0.820154 0.204360 0.027023
5 0.785443 0.827716 0.045111 0.023970
5 0.386254 0.848793 0.130959 0.028081
5 0.483540 0.848066 0.047830 0.023990
5 0.530616 0.850908 0.024121 0.019045
5 0.756515 0.853266 0.106760 0.024606
2 0.485794 0.925108 0.108073 0.028177
2 0.742123 0.921178 0.137572 0.043431
5 0.496066 0.957497 0.087185 0.026750
5 0.735750 0.958824 0.142255 0.029674
