5 0.193814 0.498620 0.021215 0.020843
3 0.268058 0.483408 0.115562 0.045087
3 0.375434 0.463408 0.100410 0.044314
3 0.467356 0.447191 0.078187 0.036593
4 0.695241 0.404874 0.116168 0.047094
5 0.201192 0.532198 0.021821 0.022849
3 0.267254 0.517373 0.099804 0.042307
3 0.360489 0.500924 0.081420 0.039064
3 0.432713 0.488182 0.063035 0.035820
4 0.704589 0.438104 0.116875 0.050876
5 0.279481 0.553266 0.022428 0.024856
5 0.336654 0.541066 0.081420 0.039064
5 0.412818 0.527629 0.065662 0.036284
5 0.289183 0.585377 0.022428 0.024856
5 0.335850 0.575030 0.065662 0.036284
5 0.387064 0.565995 0.031519 0.030260
5 0.461914 0.552790 0.112936 0.044624
5 0.551916 0.534798 0.063035 0.035820
5 0.298177 0.619727 0.025054 0.025320
5 0.364239 0.604901 0.103037 0.044777
5 0.447979 0.589071 0.065662 0.036284
5 0.538284 0.572082 0.116168 0.047094
5 0.628893 0.556097 0.061015 0.037364
5 0.307172 0.654076 0.022428 0.024856
5 0.429700 0.629289 0.218595 0.065164
5 0.573542 0.601798 0.066268 0.038291
5 0.316166 0.688426 0.025054 0.025320
5 0.374349 0.674991 0.082026 0.041071
5 0.459402 0.658929 0.078793 0.038600
5 0.543141 0.643098 0.084652 0.041534
5 0.619002 0.628658 0.063035 0.035820
5 0.531534 0.719133 0.150311 0.053117
5 0.774267 0.671025 0.128694 0.047404
5 0.585176 0.745606 0.068894 0.038754
5 0.792757 0.704757 0.113542 0.046631
2 0.409577 0.871711 0.197082 0.087933
2 0.755798 0.802793 0.269712 0.116576
