5 0.203197 0.370527 0.022103 0.021281
3 0.276707 0.372222 0.106359 0.027839
3 0.381783 0.373487 0.085479 0.029665
3 0.465917 0.373113 0.071477 0.029343
4 0.765515 0.374236 0.138108 0.033186
5 0.275057 0.403417 0.022225 0.023591
5 0.350379 0.403996 0.102859 0.027758
5 0.423950 0.404536 0.032727 0.023834
5 0.509835 0.404202 0.120484 0.030472
5 0.611471 0.404231 0.064476 0.029181
5 0.273346 0.435767 0.022225 0.023591
5 0.339916 0.436145 0.085356 0.027355
5 0.434552 0.436013 0.085356 0.027355
5 0.557252 0.435371 0.141487 0.030956
5 0.669390 0.435642 0.064476 0.029181
5 0.271695 0.466962 0.022103 0.021281
5 0.326014 0.467057 0.067976 0.029262
5 0.383833 0.467233 0.029349 0.026064
5 0.480158 0.468297 0.144987 0.031037
5 0.592296 0.468568 0.067976 0.029262
5 0.269984 0.499312 0.022103 0.021281
5 0.393560 0.498701 0.199934 0.030080
5 0.566081 0.500354 0.123984 0.030553
5 0.669468 0.500424 0.064476 0.029181
5 0.268212 0.532818 0.022225 0.023591
5 0.343594 0.532242 0.109982 0.030230
5 0.438230 0.532110 0.067976 0.029262
5 0.544242 0.532240 0.126423 0.029486
5 0.652005 0.532411 0.067976 0.029262
5 0.266378 0.567479 0.022225 0.023591
5 0.331321 0.565505 0.089101 0.032057
5 0.439897 0.566852 0.109982 0.030230
5 0.534532 0.566719 0.067976 0.029262
5 0.261166 0.599748 0.022225 0.023591
5 0.329548 0.599011 0.088979 0.029746
5 0.436374 0.600317 0.106604 0.032460
5 0.543261 0.600467 0.089101 0.032057
5 0.630835 0.601329 0.067976 0.029262
5 0.259210 0.636720 0.022225 0.023591
5 0.327653 0.634827 0.089101 0.032057
5 0.467795 0.635744 0.166112 0.033832
5 0.593091 0.635163 0.070477 0.030857
5 0.671007 0.636958 0.067976 0.029262
5 0.255688 0.670185 0.025848 0.025983
5 0.353824 0.670134 0.152110 0.033509
5 0.513218 0.671495 0.148610 0.033429
5 0.642859 0.672169 0.092602 0.032137
5 0.252043 0.705961 0.022225 0.023591
5 0.334488 0.704391 0.110104 0.032541
5 0.474630 0.705308 0.152110 0.033509
5 0.602520 0.705943 0.092602 0.032137
5 0.480466 0.777163 0.171808 0.031723
5 0.776350 0.782290 0.154411 0.037012
5 0.530265 0.813014 0.071599 0.031653
5 0.785740 0.820060 0.134975 0.040038
2 0.288278 0.899399 0.214714 0.052333
2 0.705834 0.906133 0.300720 0.066938
