3 0.253540 0.339140 0.088780 0.016607
3 0.337691 0.339140 0.068627 0.016607
3 0.408224 0.339140 0.057190 0.016607
5 0.562908 0.340443 0.022331 0.016607
4 0.689542 0.340768 0.116558 0.019863
3 0.317266 0.360143 0.212963 0.018886
5 0.561819 0.361283 0.016885 0.016607
4 0.696895 0.361446 0.101852 0.018886
3 0.317538 0.381797 0.216776 0.017909
5 0.562908 0.382449 0.022331 0.016607
4 0.689542 0.383588 0.116558 0.018886
3 0.299020 0.402800 0.179739 0.017584
3 0.444172 0.402800 0.099673 0.017584
5 0.561819 0.403289 0.016885 0.016607
4 0.696895 0.404429 0.101852 0.018886
3 0.257081 0.424455 0.092593 0.016607
3 0.352397 0.424455 0.087146 0.016607
5 0.561819 0.424455 0.016885 0.016607
4 0.697985 0.425594 0.099673 0.018886
3 0.276688 0.445458 0.135076 0.018886
3 0.317538 0.465972 0.216776 0.017584
5 0.561819 0.446109 0.016885 0.015630
4 0.689542 0.446597 0.116558 0.018561
3 0.239651 0.487626 0.061002 0.016607
3 0.318355 0.487463 0.088780 0.018886
5 0.562908 0.487626 0.022331 0.016607
4 0.688725 0.488766 0.118192 0.018886
3 0.261983 0.508466 0.105664 0.016607
5 0.561819 0.509118 0.016885 0.015304
4 0.690359 0.510257 0.114924 0.020189
3 0.235839 0.530120 0.053377 0.017584
3 0.336874 0.530120 0.136710 0.017584
3 0.466503 0.530120 0.107298 0.017584
3 0.269336 0.552426 0.120370 0.019863
5 0.562908 0.530609 0.022331 0.016607
4 0.689542 0.531260 0.116558 0.019863
3 0.254357 0.572940 0.090414 0.016607
5 0.562908 0.572940 0.022331 0.016607
4 0.699074 0.574569 0.101852 0.019863
3 0.280501 0.594432 0.142702 0.017909
3 0.433007 0.594432 0.148148 0.017909
5 0.562636 0.593781 0.018519 0.016607
4 0.699074 0.595409 0.101852 0.019863
3 0.313725 0.615760 0.213508 0.020840
3 0.462963 0.616574 0.074074 0.019863
5 0.563725 0.614946 0.023965 0.016607
4 0.699891 0.616086 0.103486 0.018886
5 0.242375 0.647509 0.058824 0.017909
5 0.310730 0.647509 0.070261 0.017909
5 0.680283 0.648649 0.142702 0.020189
5 0.263617 0.669652 0.106754 0.017909
5 0.700708 0.672419 0.101852 0.018886
5 0.237745 0.689678 0.053922 0.017584
5 0.692266 0.693585 0.118736 0.018886
5 0.274782 0.712309 0.123638 0.016607
5 0.738834 0.714588 0.022331 0.016607
2 0.262800 0.749430 0.107298 0.017909
2 0.679466 0.749105 0.145425 0.022468
5 0.247004 0.771573 0.075708 0.017909
5 0.681100 0.774341 0.144336 0.020840
5 0.291394 0.810811 0.164488 0.020840
5 0.737745 0.812602 0.024510 0.019863
