3 0.317095 0.403930 0.069358 0.056358
3 0.371760 0.437174 0.049684 0.040678
3 0.423312 0.468598 0.074035 0.059620
3 0.474835 0.504719 0.046176 0.040653
5 0.492944 0.552273 0.081255 0.062568
4 0.639121 0.641230 0.080467 0.061485
5 0.346182 0.462951 0.032933 0.032970
5 0.262721 0.486446 0.080058 0.060049
5 0.325565 0.526800 0.061159 0.050880
5 0.501477 0.631664 0.020396 0.021006
5 0.227803 0.504025 0.047318 0.039595
5 0.280421 0.536897 0.067196 0.052014
5 0.582143 0.718300 0.080086 0.061837
5 0.214502 0.537473 0.071901 0.056724
5 0.278522 0.577650 0.070908 0.057807
5 0.565947 0.745211 0.067604 0.053449
2 0.197912 0.564926 0.070323 0.054558
2 0.260959 0.603919 0.066598 0.053273
2 0.542838 0.767198 0.082248 0.061837
