5 0.208333 0.452249 0.018519 0.020521
5 0.237269 0.454617 0.020833 0.015785
3 0.303241 0.451460 0.097222 0.022099
3 0.375000 0.449882 0.032407 0.022099
3 0.420139 0.451460 0.043981 0.025257
3 0.497685 0.449092 0.097222 0.023678
4 0.820023 0.446330 0.091435 0.027624
5 0.304398 0.483031 0.099537 0.022099
5 0.395833 0.483031 0.069444 0.025257
5 0.827546 0.479084 0.076389 0.023678
5 0.280093 0.515391 0.046296 0.023678
5 0.337963 0.514601 0.060185 0.022099
5 0.855324 0.510655 0.020833 0.020521
5 0.291667 0.546961 0.074074 0.023678
5 0.365741 0.545383 0.060185 0.023678
5 0.856481 0.543015 0.018519 0.022099
5 0.170139 0.616417 0.048611 0.023678
5 0.239583 0.614838 0.071759 0.023678
5 0.827546 0.610103 0.090278 0.023678
2 0.183449 0.683504 0.079861 0.026835
2 0.266204 0.679558 0.078704 0.026835
2 0.829861 0.677979 0.090278 0.023678
5 0.183449 0.717837 0.079861 0.027624
5 0.267940 0.713496 0.077546 0.026835
5 0.864583 0.713496 0.020833 0.022099
5 0.197338 0.750592 0.107639 0.028414
5 0.353588 0.742305 0.197917 0.035517
5 0.833333 0.746646 0.092593 0.025257
5 0.178241 0.785320 0.064815 0.023678
5 0.833333 0.779795 0.092593 0.025257
5 0.191551 0.817680 0.091435 0.028414
5 0.841435 0.813733 0.076389 0.023678
