5 0.240709 0.374179 0.021899 0.020322
3 0.294930 0.373151 0.046588 0.018729
3 0.339254 0.373181 0.033913 0.023622
3 0.389014 0.372162 0.059633 0.020597
3 0.452761 0.370093 0.057699 0.024376
3 0.351710 0.392948 0.134380 0.022590
4 0.547284 0.367201 0.093546 0.026014
5 0.243125 0.416830 0.018925 0.023313
3 0.301367 0.415262 0.061681 0.022960
3 0.355658 0.414543 0.032826 0.022073
3 0.424422 0.414263 0.090582 0.022209
3 0.353541 0.435980 0.136279 0.023352
4 0.548750 0.409431 0.094646 0.026908
5 0.244574 0.459681 0.017974 0.021392
3 0.303338 0.457900 0.063719 0.024456
3 0.355597 0.457686 0.034713 0.018330
3 0.420779 0.456299 0.083592 0.023492
3 0.357033 0.478998 0.135388 0.027131
4 0.551646 0.451295 0.094529 0.025333
5 0.245079 0.503668 0.018821 0.020242
3 0.312715 0.500706 0.072538 0.020943
3 0.394836 0.498513 0.081636 0.024226
3 0.459983 0.495630 0.032757 0.020640
3 0.358962 0.520848 0.133363 0.025529
4 0.560109 0.494875 0.081497 0.022677
5 0.246650 0.548956 0.019921 0.023994
3 0.314731 0.544852 0.072652 0.024040
3 0.369016 0.544165 0.025824 0.021216
3 0.417154 0.539831 0.068765 0.025403
3 0.358479 0.565455 0.140283 0.024980
4 0.565470 0.535871 0.080710 0.025722
5 0.247734 0.593116 0.015927 0.019454
3 0.320214 0.588525 0.089609 0.023731
3 0.411739 0.585699 0.087609 0.024386
3 0.475839 0.580940 0.024898 0.022711
3 0.321702 0.610205 0.062862 0.026766
3 0.396358 0.608211 0.072678 0.023987
4 0.560020 0.580938 0.095572 0.026041
5 0.250150 0.636502 0.021125 0.027172
3 0.329684 0.633261 0.100536 0.022448
3 0.401880 0.630926 0.033996 0.025995
5 0.481454 0.627264 0.077607 0.024147
4 0.570954 0.623704 0.083545 0.026536
5 0.250747 0.660885 0.023798 0.022658
3 0.362117 0.655638 0.143200 0.027397
5 0.251275 0.682959 0.023116 0.027225
3 0.310982 0.680222 0.062619 0.022907
3 0.384590 0.677494 0.072608 0.023226
5 0.484553 0.673681 0.081554 0.025802
4 0.574591 0.670134 0.084518 0.022023
5 0.252352 0.706554 0.019039 0.019560
3 0.305126 0.705526 0.050744 0.022641
3 0.358294 0.702188 0.049714 0.026287
5 0.446335 0.698694 0.082597 0.024987
4 0.575599 0.692207 0.084657 0.025067
5 0.251439 0.730203 0.015058 0.019454
3 0.309155 0.728281 0.065027 0.030625
3 0.373272 0.723903 0.045732 0.023216
5 0.462327 0.722665 0.082632 0.026536
4 0.577794 0.716551 0.090734 0.028298
5 0.313325 0.775039 0.062711 0.025297
5 0.576876 0.764136 0.108686 0.027829
5 0.349247 0.798425 0.128373 0.025449
5 0.581987 0.787692 0.102470 0.029378
5 0.330909 0.822646 0.093499 0.025988
5 0.588540 0.813031 0.085618 0.026616
5 0.344029 0.848153 0.115411 0.026626
5 0.583749 0.837153 0.097563 0.026201
5 0.337687 0.872302 0.100432 0.025519
5 0.441042 0.867320 0.090630 0.026643
5 0.591245 0.860209 0.086578 0.025120
5 0.313886 0.897336 0.044702 0.020959
5 0.372545 0.894246 0.049101 0.030200
5 0.594383 0.884513 0.090491 0.026643
2 0.317800 0.927349 0.066092 0.034431
2 0.503837 0.920502 0.257211 0.053943
