3 0.322445 0.548616 0.084299 0.028332
3 0.421496 0.548616 0.088514 0.028332
3 0.542677 0.547328 0.128556 0.028332
5 0.314015 0.580811 0.021075 0.025757
5 0.472076 0.580167 0.147524 0.027044
4 0.868282 0.580167 0.134879 0.027044
5 0.373024 0.642627 0.181243 0.028332
5 0.868282 0.643915 0.134879 0.028332
2 0.523182 0.715068 0.220232 0.053445
2 0.868282 0.717965 0.145416 0.051513
5 0.337724 0.782035 0.085353 0.028976
5 0.868282 0.796523 0.134879 0.027044
5 0.367229 0.811655 0.138040 0.034127
5 0.918862 0.828075 0.029505 0.025757
