5 0.141245 0.499153 0.203783 0.032140
5 0.135401 0.528837 0.024335 0.025447
5 0.181080 0.529376 0.027600 0.020911
5 0.257328 0.525699 0.098892 0.030902
4 0.868301 0.523756 0.122577 0.031181
5 0.431887 0.581543 0.186924 0.034228
5 0.875254 0.582199 0.126019 0.033509
2 0.577300 0.651920 0.034663 0.032431
2 0.489268 0.653170 0.129993 0.056429
2 0.883603 0.652102 0.133318 0.054181
5 0.072438 0.673425 0.122636 0.033469
5 0.209503 0.673899 0.119193 0.031142
5 0.304273 0.673873 0.024394 0.027735
5 0.159644 0.704207 0.034426 0.023279
5 0.066492 0.707675 0.122488 0.040273
5 0.359363 0.703132 0.149763 0.036077
5 0.569234 0.702176 0.197074 0.034348
5 0.890792 0.701394 0.129403 0.033549
