5 0.272630 0.559246 0.023961 0.023784
3 0.345946 0.556234 0.102761 0.026496
3 0.433933 0.557320 0.057230 0.025934
3 0.484079 0.557939 0.023389 0.025516
4 0.857743 0.555152 0.121835 0.026732
5 0.274203 0.582768 0.019590 0.021120
5 0.337940 0.581382 0.091514 0.028047
5 0.402831 0.583050 0.025807 0.023806
5 0.362892 0.630214 0.137779 0.028219
5 0.859804 0.633736 0.117517 0.026243
5 0.322572 0.655395 0.057154 0.022889
5 0.386276 0.655311 0.055352 0.024606
5 0.868691 0.659956 0.103426 0.025280
2 0.374597 0.704565 0.164906 0.030729
2 0.801498 0.712229 0.226491 0.029343
5 0.329412 0.752318 0.075645 0.024422
5 0.861860 0.762371 0.119374 0.026701
5 0.344457 0.778834 0.106875 0.030404
5 0.869506 0.789232 0.102750 0.026061
