3 0.346781 0.334792 0.104443 0.034162
3 0.430149 0.344954 0.056130 0.027370
3 0.489995 0.352346 0.051869 0.025593
3 0.555862 0.360264 0.064158 0.028070
5 0.262286 0.325968 0.023522 0.021716
4 0.749316 0.381839 0.137174 0.036425
3 0.326614 0.363826 0.072944 0.032336
3 0.403141 0.371506 0.075955 0.031535
3 0.493975 0.381255 0.097787 0.031672
5 0.257111 0.356272 0.019508 0.022079
4 0.755365 0.412081 0.127015 0.032785
5 0.337646 0.422664 0.147086 0.037301
5 0.711790 0.454207 0.158249 0.034874
2 0.303332 0.481258 0.103421 0.036476
2 0.390081 0.488387 0.057890 0.026119
2 0.710145 0.510299 0.165626 0.037801
5 0.268209 0.539277 0.060144 0.027720
5 0.334445 0.545056 0.056130 0.027370
5 0.740184 0.572670 0.169887 0.034323
5 0.276355 0.639239 0.110693 0.033348
5 0.658008 0.664490 0.076448 0.029121
