3 0.293981 0.466821 0.069444 0.023148
3 0.364583 0.466049 0.043981 0.024691
5 0.204861 0.467593 0.016204 0.021605
4 0.783565 0.458719 0.108796 0.027006
3 0.284722 0.492284 0.055556 0.024691
3 0.357639 0.492284 0.067130 0.021605
3 0.428241 0.489969 0.050926 0.023148
3 0.491898 0.489969 0.053241 0.023148
5 0.204861 0.493827 0.016204 0.021605
4 0.784144 0.484954 0.107639 0.027006
3 0.302083 0.519290 0.085648 0.023148
3 0.398148 0.516975 0.083333 0.024691
3 0.498843 0.516204 0.099537 0.023148
5 0.203704 0.520833 0.018519 0.023148
4 0.793981 0.512346 0.087963 0.024691
2 0.555556 0.584105 0.083333 0.023148
2 0.789352 0.576389 0.115741 0.047840
5 0.227431 0.649306 0.075231 0.028549
5 0.791667 0.642361 0.108796 0.028549
5 0.251157 0.675540 0.125000 0.031636
5 0.834491 0.671296 0.020833 0.021605
