4 0.726887 0.099031 0.126454 0.042542
5 0.185269 0.137432 0.020999 0.023119
3 0.268619 0.137598 0.126603 0.031221
3 0.390095 0.131594 0.114492 0.037826
5 0.675079 0.135123 0.123083 0.040234
5 0.162086 0.161736 0.041226 0.016495
5 0.322835 0.161565 0.271020 0.038599
4 0.725089 0.162000 0.140058 0.042721
5 0.186693 0.192344 0.020999 0.023119
3 0.242867 0.193973 0.078932 0.028374
3 0.319356 0.191930 0.061868 0.025887
3 0.372099 0.192455 0.024400 0.023159
5 0.235017 0.219240 0.027682 0.018623
5 0.294591 0.220830 0.078932 0.028374
5 0.377853 0.217563 0.075531 0.028334
5 0.435667 0.216884 0.020999 0.023119
5 0.499225 0.208127 0.100978 0.035418
5 0.583277 0.202563 0.058586 0.030423
5 0.239160 0.247800 0.020821 0.016255
5 0.330148 0.247304 0.145218 0.034833
5 0.444793 0.240808 0.078991 0.030662
5 0.500877 0.239005 0.027800 0.023199
5 0.569610 0.233048 0.104349 0.034314
5 0.188771 0.272423 0.020880 0.018543
3 0.246645 0.274032 0.082333 0.028414
3 0.321522 0.275442 0.061928 0.028175
3 0.372505 0.273698 0.027860 0.025487
4 0.729969 0.251191 0.138387 0.035857
5 0.238795 0.299300 0.024281 0.018583
5 0.312853 0.301863 0.113275 0.030734
5 0.410568 0.298427 0.075590 0.030622
5 0.470053 0.296584 0.024400 0.023159
5 0.535371 0.290095 0.100978 0.033130
5 0.612651 0.285755 0.044923 0.027975
5 0.239508 0.326756 0.024281 0.018583
5 0.288879 0.328464 0.061928 0.028175
5 0.363698 0.327586 0.075531 0.028334
5 0.444379 0.323205 0.080573 0.032890
5 0.503014 0.321372 0.020999 0.023119
5 0.570942 0.317142 0.095995 0.030862
5 0.261461 0.353390 0.147432 0.036094
5 0.676991 0.339928 0.136865 0.033629
5 0.258787 0.381457 0.120136 0.032982
5 0.733817 0.366724 0.140266 0.033669
5 0.268061 0.410529 0.137259 0.033926
5 0.396472 0.410738 0.109480 0.026446
5 0.742226 0.395806 0.128214 0.036881
5 0.233885 0.437822 0.068789 0.030542
5 0.745563 0.426092 0.126662 0.033509
2 0.291542 0.496651 0.181016 0.031860
2 0.679179 0.489810 0.262637 0.032819
5 0.273550 0.524326 0.150409 0.031501
5 0.679980 0.520698 0.262696 0.035107
