5 0.097051 0.596464 0.021291 0.019679
3 0.159263 0.596551 0.101282 0.025308
5 0.677530 0.603190 0.138243 0.024351
4 0.866912 0.606343 0.143897 0.024411
5 0.585552 0.671201 0.140955 0.023789
5 0.763544 0.677096 0.203250 0.030172
5 0.506944 0.700424 0.058986 0.020078
5 0.608207 0.702929 0.131531 0.024834
5 0.773939 0.708979 0.184419 0.029400
2 0.541378 0.732276 0.127778 0.025366
2 0.750410 0.740217 0.233372 0.031064
5 0.595336 0.757466 0.080644 0.023702
5 0.764805 0.764415 0.203233 0.028455
5 0.587057 0.782849 0.135136 0.030547
5 0.774422 0.790565 0.186287 0.029992
