3 0.233477 0.470979 0.167079 0.027254
3 0.370626 0.468244 0.083785 0.025244
3 0.486488 0.462790 0.131232 0.025460
5 0.363456 0.497419 0.102038 0.026247
5 0.490991 0.493272 0.037532 0.021413
4 0.714332 0.483542 0.102793 0.027703
3 0.250975 0.531898 0.198881 0.028188
3 0.388648 0.529136 0.053910 0.023825
3 0.468700 0.523967 0.083785 0.025244
5 0.406517 0.555913 0.020913 0.022078
5 0.493636 0.553043 0.035583 0.022817
4 0.763302 0.543255 0.021060 0.023587
5 0.192328 0.627361 0.088269 0.028474
5 0.292021 0.623857 0.086174 0.028368
5 0.508247 0.616760 0.023155 0.023693
2 0.199677 0.692203 0.107131 0.029423
2 0.707575 0.674210 0.107131 0.029423
5 0.185087 0.726301 0.075695 0.027840
5 0.224572 0.758437 0.156747 0.028991
5 0.781159 0.737991 0.109373 0.031038
5 0.208777 0.796766 0.123912 0.027941
5 0.785578 0.772649 0.107277 0.030933
