3 0.290451 0.436674 0.188329 0.018648
3 0.437666 0.435897 0.090186 0.017094
5 0.713528 0.435897 0.021220 0.017094
4 0.838196 0.435897 0.106101 0.020202
3 0.217507 0.456099 0.047745 0.017094
3 0.287798 0.456099 0.087533 0.017094
3 0.384615 0.456099 0.090186 0.017094
3 0.478780 0.456099 0.092838 0.020202
5 0.712202 0.455322 0.023873 0.015540
4 0.840849 0.455322 0.106101 0.018648
3 0.245358 0.475524 0.103448 0.018648
3 0.351459 0.474747 0.092838 0.017094
3 0.490716 0.476301 0.180371 0.020202
5 0.714854 0.475524 0.018568 0.015540
4 0.842175 0.475524 0.108753 0.018648
3 0.244032 0.494172 0.100796 0.018648
3 0.343501 0.494172 0.082228 0.018648
3 0.460212 0.494172 0.140584 0.018648
5 0.714854 0.494172 0.018568 0.015540
4 0.842175 0.494172 0.108753 0.018648
3 0.225464 0.514375 0.068966 0.018648
3 0.335544 0.514375 0.145889 0.018648
5 0.714854 0.513598 0.023873 0.017094
4 0.851459 0.514375 0.090186 0.018648
3 0.222812 0.533023 0.068966 0.018648
3 0.307692 0.533023 0.090186 0.018648
5 0.714854 0.533023 0.023873 0.015540
4 0.844828 0.533800 0.108753 0.020202
3 0.226790 0.553225 0.076923 0.018648
3 0.324934 0.553225 0.108753 0.018648
3 0.431034 0.552448 0.092838 0.017094
5 0.716180 0.552448 0.021220 0.017094
4 0.844828 0.553225 0.108753 0.018648
3 0.226790 0.571873 0.076923 0.018648
3 0.364721 0.572650 0.188329 0.020202
5 0.716180 0.571873 0.021220 0.015540
4 0.844828 0.572650 0.108753 0.020202
3 0.232095 0.592075 0.087533 0.018648
3 0.328912 0.592075 0.090186 0.018648
5 0.717507 0.591298 0.023873 0.017094
4 0.847480 0.592852 0.108753 0.020202
5 0.450928 0.673660 0.079576 0.020202
5 0.546419 0.673660 0.106101 0.020202
5 0.818302 0.675214 0.129973 0.020202
5 0.424403 0.697747 0.206897 0.021756
5 0.570292 0.697747 0.068966 0.021756
5 0.827586 0.698524 0.111406 0.020202
2 0.454907 0.751360 0.114058 0.020202
2 0.570292 0.751360 0.106101 0.020202
2 0.783820 0.772339 0.198939 0.027972
5 0.404509 0.771562 0.114058 0.020202
5 0.545093 0.773116 0.156499 0.023310
5 0.694297 0.872183 0.112732 0.022533
5 0.758621 0.871795 0.021220 0.018648
