3 0.215370 0.610429 0.127135 0.030675
3 0.299810 0.610429 0.022770 0.030675
3 0.343454 0.610046 0.049336 0.026840
5 0.098672 0.610813 0.015180 0.029908
4 0.809298 0.605445 0.094877 0.028374
5 0.051233 0.694018 0.051233 0.035276
5 0.129981 0.695169 0.077799 0.028374
5 0.804080 0.689034 0.093928 0.029908
2 0.073055 0.777224 0.079696 0.023773
2 0.163662 0.776074 0.082543 0.030675
2 0.798387 0.771089 0.092030 0.032975
5 0.073529 0.816334 0.082543 0.026840
5 0.794118 0.814034 0.091082 0.037577
5 0.421727 0.912960 0.073055 0.023773
5 0.533207 0.910276 0.121442 0.029141
5 0.626186 0.905291 0.049336 0.031442
