3 0.238788 0.741123 0.164871 0.057563
3 0.385069 0.734463 0.095567 0.048128
4 0.792151 0.738286 0.166838 0.065400
5 0.198343 0.797472 0.078649 0.047838
5 0.279461 0.791098 0.051521 0.044053
5 0.854964 0.797850 0.031220 0.043705
5 0.244032 0.844870 0.168196 0.062546
5 0.410585 0.837031 0.136170 0.048824
5 0.550974 0.832964 0.119193 0.045212
5 0.855969 0.854320 0.031220 0.043705
5 0.224661 0.897521 0.130888 0.063482
5 0.347242 0.891281 0.095567 0.048128
5 0.856913 0.907468 0.031220 0.043705
5 0.196044 0.953682 0.054964 0.047432
5 0.522293 0.933139 0.051521 0.044053
3 0.220571 0.984536 0.108895 0.030927
3 0.341386 0.980929 0.120855 0.038142
3 0.480914 0.980469 0.136170 0.039061
4 0.858744 0.994295 0.031220 0.011410
