3 0.226034 0.440338 0.138543 0.025166
3 0.355941 0.440052 0.118792 0.025446
3 0.477537 0.439958 0.119877 0.025499
3 0.607489 0.439659 0.137521 0.026648
5 0.167820 0.470283 0.020788 0.020085
5 0.319127 0.471265 0.101211 0.024055
4 0.790633 0.472958 0.113357 0.025697
5 0.150636 0.515937 0.065865 0.021165
5 0.239729 0.517316 0.101278 0.026533
5 0.792658 0.521501 0.117846 0.028437
2 0.162195 0.580782 0.122282 0.029296
2 0.277598 0.584302 0.102415 0.027314
2 0.793293 0.595523 0.117846 0.028437
5 0.139130 0.633847 0.092597 0.028585
5 0.218251 0.636497 0.066288 0.029462
5 0.794831 0.651821 0.117884 0.029191
5 0.156271 0.685987 0.145217 0.030551
5 0.266745 0.689389 0.073792 0.025875
5 0.796445 0.706610 0.117923 0.029945
