5 0.140784 0.625580 0.027763 0.027771
3 0.263515 0.613925 0.170042 0.044607
3 0.371915 0.603757 0.024091 0.023241
3 0.444802 0.595116 0.102687 0.037618
4 0.797947 0.561712 0.132557 0.046940
5 0.495343 0.664854 0.176782 0.044441
5 0.793415 0.637704 0.129288 0.044527
5 0.550502 0.697431 0.088759 0.038247
5 0.810698 0.674750 0.109628 0.044561
2 0.497021 0.784975 0.143573 0.060528
2 0.815973 0.756197 0.155843 0.065949
5 0.487341 0.837765 0.102060 0.035651
5 0.597376 0.828506 0.102284 0.035502
5 0.849198 0.800221 0.126019 0.042113
