5 0.289929 0.473517 0.020800 0.022465
3 0.349010 0.473240 0.078353 0.023925
3 0.447841 0.473025 0.102850 0.023670
3 0.551857 0.471303 0.088928 0.025716
4 0.748038 0.466328 0.090608 0.025759
5 0.292885 0.500015 0.017381 0.021160
3 0.350293 0.499934 0.078426 0.025450
3 0.477639 0.497926 0.160763 0.027538
3 0.608533 0.495370 0.088855 0.024191
4 0.751153 0.491753 0.088435 0.027189
5 0.294139 0.526098 0.017396 0.021465
3 0.344340 0.524825 0.064143 0.025088
3 0.436855 0.524464 0.105238 0.024607
4 0.752168 0.517232 0.087248 0.025674
5 0.295394 0.552181 0.017381 0.021160
3 0.359907 0.551156 0.092636 0.024287
3 0.466609 0.548450 0.105238 0.024607
3 0.564280 0.545973 0.074572 0.023829
4 0.754399 0.541763 0.090955 0.029062
2 0.391602 0.611286 0.150521 0.045618
2 0.716143 0.603362 0.181144 0.053611
5 0.351959 0.643905 0.063649 0.023552
5 0.759618 0.632803 0.091029 0.025770
5 0.409098 0.677581 0.184704 0.050940
5 0.789783 0.665331 0.030253 0.035807
