3 0.139951 0.352792 0.072750 0.035533
3 0.234895 0.359898 0.104809 0.031472
3 0.342787 0.361421 0.098644 0.028426
3 0.441430 0.361421 0.083847 0.028426
5 0.510481 0.390863 0.034525 0.026396
5 0.618989 0.389848 0.098644 0.028426
4 0.808878 0.386802 0.103576 0.030457
3 0.150432 0.416751 0.106042 0.037563
3 0.271270 0.420305 0.118372 0.028426
5 0.510481 0.421320 0.034525 0.026396
5 0.618989 0.421320 0.098644 0.030457
4 0.810727 0.418274 0.104809 0.034518
3 0.156597 0.448731 0.125771 0.040609
3 0.252158 0.450254 0.055487 0.029442
5 0.510481 0.451777 0.034525 0.026396
5 0.620222 0.451777 0.101110 0.030457
4 0.811344 0.449746 0.103576 0.030457
5 0.122072 0.477157 0.022195 0.020305
5 0.154131 0.479188 0.022195 0.028426
5 0.201603 0.481726 0.057953 0.033503
3 0.127004 0.509645 0.071517 0.028426
3 0.217016 0.511675 0.088779 0.028426
5 0.509248 0.512690 0.036991 0.026396
5 0.622688 0.514721 0.101110 0.030457
4 0.815043 0.514721 0.106042 0.030457
3 0.123921 0.543655 0.077682 0.035533
3 0.207152 0.544162 0.073983 0.028426
3 0.287300 0.544162 0.071517 0.028426
5 0.510481 0.545178 0.034525 0.026396
5 0.621455 0.546193 0.103576 0.032487
4 0.817509 0.547208 0.106042 0.030457
5 0.109741 0.608122 0.056720 0.030457
5 0.193588 0.609137 0.086313 0.028426
5 0.813810 0.613198 0.118372 0.032487
5 0.139951 0.642640 0.124538 0.032487
5 0.829840 0.647716 0.091245 0.032487
5 0.104192 0.676650 0.060419 0.031472
5 0.826141 0.682234 0.103576 0.032487
5 0.142417 0.711675 0.144266 0.034518
5 0.853268 0.716751 0.054254 0.032487
2 0.450062 0.782741 0.091245 0.030457
2 0.551171 0.783756 0.091245 0.032487
2 0.823674 0.787817 0.128237 0.032487
