3 0.104167 0.459831 0.105572 0.033067
3 0.198061 0.452398 0.062866 0.029741
5 0.499332 0.437010 0.036451 0.029007
5 0.613761 0.432953 0.102567 0.032594
4 0.811840 0.426572 0.111449 0.034591
5 0.091679 0.526827 0.068331 0.034151
5 0.181740 0.519939 0.099073 0.036760
5 0.813737 0.494922 0.109247 0.034530
2 0.449834 0.564668 0.089282 0.030475
2 0.545591 0.562007 0.087081 0.030414
2 0.816620 0.560614 0.109171 0.032778
5 0.201795 0.650487 0.081424 0.038837
5 0.823675 0.620928 0.109247 0.034530
5 0.544254 0.719896 0.101620 0.030873
5 0.872082 0.719556 0.025444 0.028701
