5 0.313171 0.429598 0.016690 0.012753
3 0.382488 0.434901 0.070581 0.017409
3 0.445728 0.438006 0.055735 0.014584
4 0.634263 0.437447 0.053395 0.016093
5 0.461870 0.464776 0.034410 0.013115
5 0.507055 0.465699 0.053902 0.013513
5 0.636275 0.463151 0.057032 0.016539
5 0.458663 0.503595 0.064595 0.014765
5 0.504765 0.504017 0.025550 0.012934
5 0.526946 0.503951 0.016628 0.011718
5 0.645946 0.501714 0.034410 0.013115
2 0.507092 0.539319 0.052253 0.015548
2 0.638712 0.533710 0.056292 0.023905
5 0.513468 0.551374 0.044980 0.012296
5 0.638181 0.550031 0.055167 0.014986
5 0.343724 0.630861 0.016752 0.013789
5 0.383594 0.631675 0.061051 0.014693
