5 0.284989 0.638989 0.094409 0.034084
3 0.381830 0.641575 0.112486 0.034567
3 0.481252 0.644230 0.084080 0.033808
5 0.443340 0.681744 0.156658 0.041596
5 0.590672 0.682748 0.047926 0.032843
4 0.808886 0.687588 0.149001 0.041320
5 0.272463 0.743461 0.099755 0.038172
5 0.378251 0.748264 0.094409 0.034084
5 0.603011 0.752289 0.027087 0.028341
2 0.276873 0.816746 0.115069 0.034636
2 0.775458 0.826107 0.151583 0.043502
5 0.299631 0.884588 0.166717 0.036015
5 0.834189 0.897843 0.172242 0.042010
5 0.285141 0.918773 0.130473 0.036956
5 0.858435 0.934085 0.120504 0.040630
