5 0.103256 0.505364 0.028533 0.022732
3 0.212291 0.504731 0.165161 0.019574
3 0.358865 0.504330 0.090911 0.022214
3 0.461698 0.502318 0.070393 0.018014
4 0.750877 0.500787 0.149779 0.023898
5 0.124951 0.534456 0.026339 0.013859
5 0.170396 0.533022 0.067140 0.017709
5 0.140093 0.559094 0.050618 0.016206
5 0.128170 0.587797 0.021165 0.012642
5 0.186176 0.586839 0.094378 0.020072
5 0.175821 0.615174 0.075861 0.023511
5 0.295489 0.612894 0.143252 0.025384
5 0.765221 0.611950 0.131299 0.022832
5 0.188220 0.667024 0.180173 0.019762
5 0.758474 0.666008 0.146291 0.020021
5 0.151547 0.694075 0.116308 0.022275
5 0.766550 0.694402 0.121364 0.024237
2 0.761085 0.721882 0.146644 0.020737
5 0.148468 0.776367 0.101237 0.021605
5 0.757827 0.778953 0.138158 0.023736
5 0.201283 0.804393 0.205806 0.025609
5 0.757270 0.805504 0.139549 0.016939
