5 0.170139 0.526316 0.020833 0.027610
3 0.238426 0.526316 0.083333 0.031061
3 0.362269 0.524590 0.136574 0.031061
4 0.883102 0.528041 0.113426 0.034513
5 0.171296 0.570319 0.023148 0.029336
3 0.258102 0.569456 0.122685 0.031061
3 0.344907 0.568594 0.027778 0.029336
3 0.449074 0.568594 0.157407 0.032787
4 0.872685 0.571182 0.143519 0.034513
5 0.171296 0.611734 0.023148 0.025884
3 0.293981 0.610871 0.189815 0.031061
3 0.451389 0.610871 0.097222 0.031061
3 0.524306 0.610009 0.030093 0.029336
4 0.871528 0.612597 0.143519 0.032787
5 0.505787 0.694564 0.164352 0.029336
5 0.873843 0.695427 0.141204 0.034513
5 0.548611 0.738568 0.078704 0.031061
5 0.889468 0.737274 0.121528 0.040552
2 0.521991 0.791199 0.136574 0.036238
2 0.859375 0.790768 0.179398 0.042278
5 0.516204 0.836066 0.138889 0.032787
5 0.859954 0.836066 0.180556 0.043141
