3 0.179740 0.450294 0.193746 0.049618
3 0.151184 0.482680 0.078472 0.042683
3 0.242384 0.481026 0.100640 0.044016
5 0.093547 0.486148 0.024648 0.031852
4 0.820924 0.473051 0.118374 0.045083
5 0.113917 0.517506 0.051560 0.037267
5 0.126040 0.557028 0.087339 0.043216
5 0.133581 0.636118 0.152402 0.045443
5 0.744498 0.629070 0.056614 0.045164
5 0.841239 0.627083 0.128001 0.046071
2 0.106987 0.678927 0.100950 0.047831
2 0.750280 0.672807 0.052490 0.048712
2 0.844650 0.669046 0.127691 0.046017
5 0.100251 0.774210 0.091881 0.061557
5 0.756434 0.775939 0.058784 0.071867
5 0.851912 0.772111 0.133845 0.072587
5 0.148672 0.835507 0.177872 0.071440
5 0.757116 0.839150 0.058474 0.068052
5 0.852594 0.835322 0.133535 0.068772
