3 0.225806 0.543344 0.295699 0.027864
3 0.397849 0.544892 0.026882 0.024768
3 0.483871 0.543344 0.134409 0.027864
5 0.344086 0.572755 0.134409 0.030960
5 0.502688 0.571207 0.053763 0.027864
4 0.787634 0.572755 0.139785 0.030960
3 0.202957 0.606811 0.266129 0.037152
3 0.373656 0.605263 0.075269 0.034056
3 0.473118 0.602167 0.112903 0.027864
5 0.397849 0.636223 0.026882 0.021672
5 0.502688 0.633127 0.053763 0.027864
4 0.844086 0.637771 0.026882 0.024768
5 0.125000 0.703560 0.126344 0.035604
5 0.252688 0.701238 0.112903 0.027864
5 0.518817 0.699690 0.032258 0.024768
2 0.131720 0.767802 0.145161 0.037152
2 0.752688 0.764706 0.145161 0.030960
5 0.111559 0.799536 0.110215 0.038700
5 0.159946 0.830495 0.206989 0.038700
5 0.827957 0.832817 0.166667 0.030960
5 0.141129 0.863777 0.163978 0.034056
5 0.838710 0.866873 0.145161 0.030960
