5 0.292047 0.380398 0.013747 0.018144
3 0.331266 0.379010 0.052701 0.021181
3 0.405824 0.376371 0.089659 0.020830
4 0.712307 0.366868 0.066497 0.022845
5 0.291883 0.405154 0.016304 0.017554
3 0.328515 0.403846 0.044850 0.020292
3 0.412112 0.400624 0.106965 0.022608
4 0.706122 0.392115 0.081156 0.023236
5 0.294306 0.429840 0.013868 0.020781
3 0.313692 0.428993 0.011311 0.021372
3 0.359824 0.427761 0.074258 0.023052
3 0.427915 0.425283 0.048269 0.019725
4 0.708589 0.417790 0.082019 0.023259
5 0.294186 0.455585 0.014670 0.019486
3 0.314480 0.455703 0.010419 0.020689
3 0.376119 0.453727 0.099144 0.021083
3 0.456311 0.451586 0.045803 0.022292
3 0.353119 0.479423 0.083623 0.020668
4 0.708947 0.444512 0.078600 0.023826
5 0.294410 0.507721 0.018981 0.019601
3 0.316383 0.506805 0.009466 0.018689
3 0.356479 0.505734 0.051718 0.019817
3 0.443094 0.502443 0.109461 0.021995
3 0.337345 0.531337 0.050946 0.022408
4 0.711280 0.495602 0.082079 0.024578
5 0.498815 0.578180 0.100096 0.025697
5 0.719115 0.572617 0.083864 0.025942
5 0.523718 0.604234 0.042293 0.020882
5 0.729388 0.599074 0.070959 0.026256
2 0.511321 0.635564 0.082049 0.024578
2 0.711031 0.631905 0.105330 0.024540
5 0.510491 0.663991 0.086300 0.024693
5 0.705784 0.658777 0.125314 0.028366
5 0.377238 0.695599 0.072624 0.024984
5 0.489677 0.690618 0.132242 0.029209
5 0.708357 0.686759 0.120972 0.027591
5 0.458901 0.716190 0.066437 0.022845
5 0.527022 0.714713 0.061263 0.023343
5 0.765905 0.708654 0.016364 0.018873
5 0.474424 0.744157 0.063911 0.022776
5 0.536122 0.742925 0.046074 0.026982
5 0.768554 0.738285 0.017407 0.022851
