5 0.069422 0.531824 0.020951 0.027688
3 0.220020 0.532514 0.200340 0.032488
3 0.348567 0.535415 0.030984 0.022832
3 0.431465 0.536481 0.115809 0.033894
4 0.834897 0.544165 0.180254 0.055194
5 0.466646 0.622982 0.197074 0.037432
5 0.796457 0.630965 0.139613 0.039185
5 0.514763 0.663507 0.092183 0.036083
5 0.807325 0.672259 0.115987 0.041374
2 0.431165 0.763445 0.160387 0.059393
2 0.796444 0.774379 0.167331 0.066961
5 0.530336 0.827697 0.112789 0.032246
5 0.825479 0.834611 0.139672 0.041679
5 0.486235 0.867671 0.159619 0.039381
5 0.799216 0.871686 0.136170 0.036648
