3 0.255029 0.689638 0.086361 0.021612
3 0.337002 0.687715 0.070640 0.021244
4 0.705473 0.682093 0.079623 0.021454
3 0.261899 0.713642 0.097590 0.021876
3 0.345072 0.713202 0.057165 0.020928
4 0.715751 0.706773 0.070718 0.022752
3 0.232913 0.739998 0.045936 0.020664
3 0.299165 0.738444 0.070640 0.021244
3 0.369908 0.736785 0.054919 0.020875
4 0.714799 0.731716 0.070797 0.024261
5 0.264194 0.790239 0.107942 0.021411
5 0.712856 0.780848 0.084193 0.023068
5 0.230136 0.816336 0.046014 0.022173
5 0.297511 0.814756 0.068473 0.022700
5 0.720927 0.806335 0.070718 0.022752
2 0.236792 0.868665 0.060858 0.020530
2 0.290189 0.868545 0.034707 0.020401
2 0.349546 0.864132 0.073043 0.024313
2 0.720225 0.857703 0.086596 0.026138
5 0.235626 0.921932 0.059489 0.022489
5 0.701595 0.910247 0.124697 0.025525
