5 0.112800 0.565806 0.020517 0.023801
3 0.240867 0.563788 0.123813 0.026169
3 0.355956 0.559428 0.066259 0.026782
4 0.818002 0.549110 0.122768 0.027998
5 0.111664 0.596239 0.024523 0.025086
3 0.231769 0.593687 0.105940 0.025974
3 0.329997 0.590132 0.064239 0.025519
3 0.415369 0.588579 0.068245 0.026803
4 0.820811 0.578568 0.122785 0.028619
5 0.110527 0.626672 0.028460 0.023888
3 0.230633 0.624120 0.105975 0.027215
3 0.350670 0.619085 0.103989 0.027193
3 0.481715 0.617034 0.135727 0.026299
4 0.824613 0.608016 0.120816 0.029218
2 0.553471 0.696959 0.104024 0.028435
2 0.834079 0.680239 0.130463 0.051059
5 0.137592 0.777853 0.094060 0.030776
5 0.837666 0.755320 0.140657 0.033757
5 0.167801 0.810432 0.156578 0.035172
5 0.851457 0.786832 0.126757 0.032364
