5 0.186924 0.566775 0.043553 0.038724
3 0.308248 0.565333 0.183334 0.038003
3 0.482085 0.565027 0.142728 0.037780
5 0.627156 0.565873 0.124804 0.040128
4 0.804389 0.566163 0.109045 0.042089
5 0.232832 0.609564 0.061569 0.036802
5 0.222257 0.649976 0.038920 0.031943
5 0.284304 0.647786 0.059194 0.030060
5 0.184498 0.685271 0.038960 0.034177
3 0.288894 0.684025 0.149558 0.036546
3 0.415860 0.682390 0.077368 0.037075
3 0.494894 0.683260 0.059233 0.032294
5 0.634867 0.683076 0.127022 0.037933
4 0.816575 0.681053 0.111262 0.039894
5 0.235970 0.723493 0.077368 0.037075
5 0.497061 0.806146 0.167648 0.038635
5 0.834540 0.803667 0.113559 0.042167
2 0.527190 0.850325 0.113559 0.042167
2 0.839882 0.850509 0.115855 0.044441
5 0.526888 0.897264 0.115816 0.042206
5 0.842966 0.897390 0.113598 0.044402
5 0.520703 0.986099 0.136168 0.027803
5 0.896492 0.984447 0.025497 0.031107
