3 0.239453 0.478344 0.197955 0.030919
3 0.392355 0.479437 0.093913 0.026246
3 0.487392 0.480627 0.090459 0.026206
5 0.387109 0.510395 0.111552 0.030774
5 0.512412 0.512379 0.042108 0.025647
4 0.759382 0.510667 0.121603 0.028854
3 0.244609 0.542940 0.191078 0.032143
3 0.427686 0.542539 0.156480 0.029111
5 0.389736 0.576736 0.111242 0.028734
5 0.510646 0.576482 0.042108 0.025647
4 0.761130 0.577019 0.128511 0.028933
3 0.264550 0.611370 0.232182 0.032420
3 0.416573 0.611900 0.059497 0.030423
3 0.492464 0.607590 0.087066 0.028454
5 0.431232 0.643772 0.024839 0.025447
5 0.512334 0.640546 0.042108 0.025647
4 0.811290 0.645099 0.031807 0.027815
5 0.191402 0.719783 0.107849 0.030982
5 0.307071 0.717301 0.097427 0.028574
5 0.522716 0.706797 0.024839 0.025447
2 0.195876 0.791253 0.130207 0.034633
2 0.732761 0.778751 0.128791 0.035190
5 0.175240 0.827538 0.090580 0.030782
5 0.218467 0.861941 0.185467 0.035272
5 0.812399 0.851067 0.132305 0.035150
5 0.197831 0.898226 0.149233 0.029173
5 0.821952 0.885859 0.115006 0.036494
