3 0.159955 0.481275 0.099584 0.028853
3 0.290562 0.480382 0.099232 0.032297
3 0.431187 0.478484 0.121334 0.030857
4 0.780803 0.480642 0.195273 0.034049
3 0.160021 0.520312 0.100522 0.032273
3 0.274860 0.519019 0.066758 0.033126
3 0.386365 0.518909 0.093854 0.034579
4 0.781406 0.521403 0.195489 0.038879
5 0.335344 0.559610 0.256140 0.035053
5 0.782397 0.561317 0.196804 0.035578
5 0.254754 0.601675 0.098910 0.033992
5 0.800061 0.602932 0.166840 0.035656
2 0.233637 0.644841 0.063930 0.035505
2 0.687138 0.645440 0.379343 0.038559
5 0.265726 0.686826 0.136000 0.038190
5 0.775178 0.688861 0.222314 0.037076
5 0.231278 0.730923 0.068985 0.034762
5 0.791668 0.730870 0.191313 0.036710
