5 0.264022 0.363039 0.018223 0.019728
3 0.318791 0.367342 0.070870 0.027522
3 0.395945 0.369353 0.067083 0.022066
3 0.479121 0.372213 0.083370 0.022845
3 0.541239 0.372945 0.021480 0.019883
4 0.804204 0.382448 0.101268 0.025491
5 0.260173 0.384696 0.018109 0.018613
3 0.317176 0.387424 0.067197 0.023180
3 0.408439 0.391231 0.099657 0.023625
3 0.502316 0.393484 0.065454 0.021988
3 0.554547 0.394863 0.019852 0.019805
4 0.793812 0.404072 0.117384 0.026750
5 0.262024 0.406626 0.016594 0.019650
3 0.322341 0.408952 0.081855 0.023882
3 0.429948 0.412982 0.107914 0.025129
3 0.507481 0.415012 0.021480 0.019883
4 0.793977 0.426221 0.119127 0.026310
5 0.254159 0.427530 0.024738 0.020039
3 0.312792 0.430336 0.067083 0.022066
3 0.390268 0.432924 0.065454 0.021988
3 0.458786 0.435082 0.052425 0.021364
3 0.519975 0.436891 0.021480 0.019883
4 0.790506 0.448157 0.116285 0.027748
5 0.258510 0.449019 0.018223 0.019728
3 0.319964 0.452240 0.087271 0.030051
3 0.434256 0.454909 0.125186 0.024353
4 0.790614 0.471123 0.121513 0.031325
5 0.339859 0.493794 0.127458 0.026064
5 0.787972 0.512998 0.117914 0.027826
5 0.303436 0.513892 0.068712 0.022144
5 0.375154 0.516764 0.052539 0.022479
5 0.686989 0.532247 0.018678 0.024186
5 0.775108 0.534784 0.132572 0.028527
5 0.325588 0.537353 0.114315 0.024326
5 0.792839 0.557473 0.104298 0.026127
5 0.290794 0.557529 0.052539 0.022479
5 0.791725 0.580381 0.103483 0.029353
2 0.335600 0.647597 0.155373 0.029618
2 0.724626 0.668453 0.229005 0.036469
5 0.299342 0.690103 0.101513 0.025932
5 0.779403 0.716997 0.123141 0.031403
