5 0.112739 0.390712 0.028570 0.027764
3 0.272560 0.393199 0.270593 0.033370
4 0.582159 0.384884 0.111534 0.039716
5 0.232560 0.424145 0.183762 0.029692
5 0.112663 0.454101 0.021546 0.023084
3 0.242584 0.453760 0.207635 0.026042
4 0.591209 0.444118 0.113171 0.031881
5 0.106016 0.489345 0.086141 0.026846
5 0.200216 0.488284 0.102376 0.027144
5 0.265690 0.489025 0.024940 0.023163
5 0.223292 0.522837 0.194971 0.033894
5 0.595553 0.510780 0.118261 0.038743
5 0.199500 0.555084 0.144068 0.032710
5 0.643695 0.537958 0.028452 0.025503
5 0.182495 0.587174 0.113527 0.031999
5 0.338596 0.583542 0.201758 0.034052
5 0.645295 0.568482 0.028570 0.027764
5 0.184154 0.618828 0.120314 0.032157
5 0.285959 0.616460 0.079591 0.031210
5 0.353770 0.613750 0.045538 0.028159
5 0.396189 0.612763 0.042144 0.028080
5 0.603805 0.603970 0.132072 0.037928
5 0.184994 0.650503 0.121833 0.034379
5 0.291012 0.648036 0.072567 0.026530
5 0.658853 0.632686 0.021665 0.025345
5 0.180566 0.680035 0.113290 0.027477
5 0.272191 0.677903 0.058993 0.026214
5 0.663905 0.664262 0.021428 0.020823
5 0.249859 0.705589 0.262604 0.030951
5 0.656844 0.691592 0.058993 0.026214
2 0.181498 0.762643 0.140556 0.030370
2 0.628475 0.750525 0.152197 0.045146
5 0.171754 0.803619 0.130376 0.030133
5 0.637544 0.793327 0.155649 0.047407
5 0.154808 0.836838 0.099953 0.031684
5 0.273522 0.832944 0.127219 0.034576
5 0.704321 0.819525 0.032082 0.030104
5 0.195611 0.869846 0.191578 0.033816
5 0.674975 0.859278 0.121833 0.046617
