3 0.419956 0.460485 0.157164 0.055556
3 0.570175 0.458138 0.146199 0.053991
5 0.260234 0.458138 0.140351 0.057121
4 0.818713 0.462050 0.097953 0.057121
5 0.344664 0.511346 0.160088 0.053991
5 0.822368 0.511737 0.111111 0.056338
5 0.234649 0.561424 0.090643 0.057121
5 0.822368 0.561815 0.099415 0.056338
5 0.399488 0.614241 0.125000 0.057903
5 0.499635 0.613850 0.066520 0.053991
5 0.846857 0.615023 0.063596 0.054773
2 0.316886 0.666667 0.108918 0.059468
2 0.415205 0.669405 0.090643 0.058685
2 0.516813 0.665102 0.108187 0.059468
5 0.317251 0.723787 0.111111 0.056338
5 0.476608 0.721440 0.195906 0.059468
5 0.592836 0.721049 0.032164 0.053991
