3 0.241677 0.134747 0.113203 0.034272
3 0.336663 0.125623 0.069952 0.024605
3 0.452009 0.114783 0.131301 0.036635
4 0.743336 0.088434 0.137761 0.038677
5 0.079144 0.171591 0.109258 0.040291
5 0.173497 0.163596 0.067987 0.028582
5 0.285978 0.151789 0.127893 0.034593
5 0.401324 0.144119 0.080177 0.032773
5 0.755436 0.111385 0.151572 0.037063
5 0.091959 0.199914 0.155695 0.045339
3 0.220670 0.187625 0.096340 0.031694
3 0.316013 0.179630 0.080713 0.041049
3 0.502308 0.162511 0.101341 0.043733
4 0.748069 0.141424 0.152287 0.047488
5 0.094817 0.234685 0.155695 0.045446
3 0.267836 0.218962 0.175966 0.050279
3 0.393407 0.208769 0.054340 0.038258
3 0.491436 0.198624 0.122341 0.042655
4 0.751285 0.179151 0.159461 0.049637
5 0.111308 0.266932 0.182962 0.046302
5 0.230151 0.257920 0.060799 0.036430
5 0.357694 0.249983 0.186370 0.048451
5 0.779973 0.214087 0.169507 0.047702
5 0.100979 0.302938 0.155874 0.043511
3 0.269064 0.291621 0.159461 0.043618
3 0.396243 0.282555 0.074804 0.039007
3 0.539316 0.272794 0.034083 0.035787
4 0.757983 0.254605 0.159639 0.045553
5 0.110921 0.337602 0.162869 0.043618
3 0.245102 0.329183 0.098290 0.041798
3 0.369059 0.321299 0.149236 0.042976
3 0.492925 0.312233 0.104928 0.043733
4 0.775010 0.294053 0.145649 0.051358
5 0.118892 0.372105 0.159461 0.043618
3 0.288771 0.360573 0.180654 0.044581
3 0.424656 0.352208 0.077483 0.037072
3 0.496141 0.347865 0.064029 0.036323
3 0.555696 0.345024 0.033533 0.033638
4 0.780018 0.329792 0.142777 0.045018
5 0.132064 0.406394 0.186906 0.044260
5 0.266424 0.396040 0.081427 0.037072
5 0.336026 0.392878 0.057748 0.038472
5 0.419447 0.388160 0.095432 0.039756
5 0.793548 0.367197 0.156231 0.043511
5 0.128648 0.440197 0.166470 0.041790
3 0.291250 0.430222 0.159832 0.043725
3 0.417274 0.423145 0.085014 0.039221
3 0.488759 0.419823 0.051110 0.040300
3 0.548494 0.418971 0.060442 0.030410
4 0.788421 0.407341 0.133088 0.044911
5 0.139752 0.472765 0.156052 0.037491
5 0.260025 0.466009 0.071217 0.036858
5 0.330266 0.461612 0.054533 0.036430
5 0.420482 0.458830 0.119112 0.046739
5 0.805269 0.443672 0.153537 0.045553
5 0.133911 0.506621 0.132194 0.034272
5 0.275355 0.499277 0.135603 0.036742
3 0.291846 0.530449 0.115510 0.038035
3 0.405845 0.526864 0.118918 0.038356
3 0.516696 0.526556 0.081620 0.039221
4 0.793043 0.517726 0.149593 0.041254
5 0.137922 0.571164 0.115153 0.036100
5 0.257302 0.567418 0.115689 0.040184
5 0.354163 0.565443 0.071574 0.032773
5 0.808016 0.554058 0.174180 0.042111
5 0.163113 0.604111 0.146185 0.039212
3 0.298105 0.601757 0.123056 0.034717
3 0.419278 0.599094 0.119290 0.036421
3 0.523045 0.596904 0.081427 0.037179
3 0.584573 0.597074 0.040171 0.031703
4 0.816329 0.591838 0.129158 0.042869
5 0.165785 0.638882 0.146557 0.035235
3 0.324903 0.636915 0.157332 0.037705
3 0.473439 0.632206 0.146557 0.037277
3 0.580882 0.632972 0.061156 0.038579
4 0.809505 0.628918 0.156410 0.039426
5 0.168911 0.673599 0.146735 0.035235
3 0.328125 0.672105 0.164134 0.036759
3 0.478083 0.668965 0.142955 0.041147
3 0.582757 0.670806 0.064936 0.032791
4 0.812631 0.664657 0.156231 0.037384
5 0.172587 0.708209 0.146557 0.035235
3 0.307118 0.707099 0.108872 0.040077
3 0.433582 0.707223 0.122863 0.044590
3 0.559689 0.703263 0.129322 0.036635
4 0.826964 0.695936 0.126107 0.034593
5 0.262438 0.743314 0.184212 0.035171
5 0.805875 0.729360 0.173644 0.036091
5 0.159371 0.776244 0.122684 0.035056
5 0.267186 0.776479 0.099019 0.036973
5 0.806947 0.757951 0.169686 0.039961
2 0.244118 0.808446 0.115332 0.038142
2 0.356770 0.806412 0.101698 0.030633
2 0.489515 0.799665 0.162690 0.037491
5 0.250026 0.835908 0.108158 0.031801
5 0.417122 0.831578 0.216687 0.037268
5 0.559735 0.821977 0.053804 0.034173
