3 0.147569 0.261574 0.100694 0.027778
3 0.270833 0.261574 0.131944 0.027778
3 0.359375 0.261574 0.024306 0.023148
5 0.482639 0.260417 0.020833 0.020833
5 0.616319 0.258102 0.121528 0.030093
4 0.762153 0.255787 0.121528 0.030093
5 0.147569 0.293981 0.100694 0.027778
5 0.270833 0.292824 0.131944 0.025463
5 0.359375 0.293981 0.024306 0.023148
5 0.131944 0.325231 0.062500 0.025463
5 0.220486 0.325231 0.093750 0.025463
5 0.342014 0.324074 0.128472 0.027778
5 0.491319 0.322917 0.149306 0.025463
3 0.149306 0.356481 0.097222 0.027778
3 0.274306 0.356481 0.131944 0.027778
3 0.362847 0.356481 0.024306 0.023148
5 0.482639 0.355324 0.027778 0.025463
5 0.614583 0.355324 0.118056 0.030093
4 0.751736 0.353009 0.142361 0.030093
3 0.159722 0.388889 0.118056 0.027778
5 0.486111 0.388889 0.020833 0.023148
5 0.618056 0.387731 0.118056 0.030093
4 0.760417 0.387731 0.118056 0.030093
3 0.159722 0.420139 0.118056 0.025463
3 0.298611 0.418981 0.149306 0.025463
5 0.484375 0.420139 0.017361 0.020833
5 0.616319 0.420139 0.114583 0.030093
4 0.760417 0.418981 0.118056 0.027778
3 0.161458 0.451389 0.121528 0.027778
3 0.269097 0.450231 0.079861 0.025463
3 0.347222 0.450231 0.062500 0.025463
5 0.486111 0.451389 0.020833 0.023148
5 0.626736 0.450231 0.100694 0.030093
4 0.769097 0.450231 0.100694 0.030093
3 0.151042 0.481481 0.100694 0.027778
3 0.277778 0.481481 0.131944 0.027778
3 0.366319 0.481481 0.024306 0.023148
5 0.486111 0.481481 0.020833 0.023148
5 0.616319 0.481481 0.114583 0.027778
4 0.758681 0.481481 0.121528 0.027778
3 0.163194 0.513889 0.118056 0.027778
3 0.320312 0.510417 0.185764 0.030093
3 0.442708 0.510417 0.045139 0.025463
5 0.486111 0.511574 0.027778 0.023148
5 0.618056 0.512731 0.118056 0.030093
4 0.760417 0.512731 0.118056 0.030093
3 0.135417 0.545139 0.062500 0.025463
3 0.225694 0.543981 0.097222 0.027778
3 0.338542 0.542824 0.114583 0.025463
3 0.434028 0.542824 0.062500 0.025463
5 0.486111 0.542824 0.020833 0.020833
5 0.618056 0.542824 0.118056 0.030093
4 0.758681 0.543981 0.121528 0.027778
5 0.319444 0.603009 0.149306 0.025463
5 0.750000 0.605324 0.138889 0.030093
5 0.324653 0.636574 0.149306 0.023148
5 0.760417 0.636574 0.118056 0.027778
5 0.281250 0.730324 0.062500 0.025463
5 0.760417 0.728009 0.118056 0.025463
2 0.315104 0.799769 0.116319 0.046296
2 0.732639 0.798611 0.159722 0.046296
5 0.315972 0.854745 0.118056 0.045139
5 0.732639 0.851852 0.159722 0.046296
5 0.337674 0.906829 0.164931 0.054398
5 0.743056 0.902778 0.131944 0.046296
