5 0.156250 0.241445 0.016983 0.021557
3 0.230744 0.243270 0.108519 0.027054
3 0.336885 0.243972 0.087312 0.022357
3 0.426010 0.244486 0.073246 0.022197
4 0.755807 0.234249 0.111928 0.027952
5 0.156844 0.263579 0.016942 0.020031
3 0.204902 0.263033 0.052189 0.023483
3 0.281154 0.264456 0.073246 0.022197
4 0.756987 0.256758 0.106108 0.024096
5 0.157417 0.284950 0.016942 0.020031
3 0.231889 0.285248 0.106175 0.022475
3 0.352076 0.285791 0.115485 0.024203
4 0.755801 0.278148 0.109583 0.027163
5 0.157949 0.304794 0.016942 0.020031
3 0.257047 0.305958 0.155426 0.024205
3 0.377274 0.307264 0.076892 0.025914
4 0.754040 0.299927 0.109563 0.026399
5 0.159714 0.326915 0.014557 0.018478
3 0.217150 0.326262 0.073246 0.022197
3 0.298069 0.326869 0.070902 0.022170
4 0.755189 0.320910 0.108452 0.024123
5 0.161439 0.347509 0.016942 0.020031
3 0.225331 0.347546 0.087441 0.021951
3 0.306827 0.347383 0.049762 0.020404
3 0.378349 0.347334 0.070902 0.022170
4 0.754610 0.343057 0.106067 0.022570
5 0.161991 0.368116 0.016901 0.018504
3 0.226460 0.367384 0.084968 0.022330
3 0.330236 0.368113 0.106134 0.022475
4 0.753990 0.363678 0.108452 0.024123
5 0.162544 0.388724 0.016942 0.020031
3 0.234045 0.387918 0.105003 0.023265
3 0.362447 0.388360 0.136631 0.023655
4 0.754604 0.386575 0.103763 0.024070
5 0.161903 0.408581 0.019286 0.020057
3 0.218187 0.408705 0.070902 0.022170
3 0.306695 0.408081 0.085056 0.022715
3 0.393516 0.409773 0.075760 0.026704
5 0.162435 0.428426 0.019286 0.020057
3 0.211686 0.428629 0.056836 0.022010
3 0.290262 0.429263 0.087312 0.022357
4 0.752172 0.427067 0.106067 0.022570
5 0.164180 0.449783 0.016942 0.020031
3 0.242129 0.448897 0.117856 0.023105
3 0.370541 0.449728 0.115444 0.022676
4 0.752745 0.448438 0.106067 0.022570
5 0.164733 0.470391 0.016901 0.018504
3 0.243822 0.468728 0.120220 0.023078
3 0.346437 0.469089 0.066173 0.020590
3 0.433197 0.468866 0.084968 0.022330
4 0.750912 0.467546 0.103722 0.022543
5 0.164093 0.490248 0.014557 0.018478
3 0.236766 0.489422 0.103722 0.022543
3 0.369847 0.489055 0.146028 0.023548
4 0.750313 0.488930 0.106067 0.022570
5 0.164665 0.511619 0.014557 0.018478
3 0.222060 0.509440 0.073246 0.022197
3 0.317642 0.510262 0.103892 0.024055
4 0.750845 0.508774 0.101378 0.022517
5 0.165197 0.531464 0.014557 0.018478
3 0.221440 0.530061 0.070861 0.020644
3 0.333988 0.529545 0.131854 0.022863
4 0.750246 0.530158 0.103722 0.022543
5 0.165729 0.551308 0.014557 0.018478
3 0.214960 0.550748 0.056836 0.022010
3 0.279408 0.549252 0.054533 0.023510
5 0.166241 0.570389 0.019286 0.020057
3 0.223101 0.570506 0.075719 0.022085
4 0.751351 0.571373 0.101419 0.024043
5 0.166793 0.590996 0.024016 0.021637
3 0.239467 0.590170 0.103722 0.022543
3 0.327378 0.589171 0.054492 0.021984
3 0.405337 0.588285 0.087482 0.023478
3 0.482761 0.590077 0.054621 0.021561
4 0.748932 0.590488 0.102509 0.025556
5 0.167325 0.610841 0.024016 0.021637
3 0.224761 0.610188 0.068558 0.022143
3 0.295090 0.609389 0.049803 0.021930
3 0.366591 0.608576 0.070902 0.022170
4 0.749484 0.610714 0.102509 0.026319
5 0.166706 0.631462 0.021631 0.020084
3 0.232326 0.629952 0.087312 0.022357
3 0.313225 0.629796 0.052107 0.020430
3 0.398772 0.628061 0.101378 0.022517
4 0.750016 0.630940 0.102509 0.025556
5 0.167258 0.652069 0.021672 0.021611
3 0.223480 0.649903 0.068558 0.022143
3 0.312564 0.648891 0.087312 0.022357
4 0.749982 0.651554 0.103722 0.022543
5 0.169003 0.673427 0.014557 0.018478
3 0.233410 0.670404 0.087271 0.020830
3 0.322473 0.668628 0.068558 0.022143
4 0.749342 0.671411 0.103722 0.022543
5 0.234474 0.710093 0.087353 0.023883
5 0.329378 0.707487 0.085009 0.023856
5 0.740351 0.708160 0.120179 0.024605
5 0.232723 0.732253 0.087312 0.022357
5 0.314712 0.729031 0.054451 0.020457
5 0.377988 0.727549 0.054492 0.021984
5 0.647707 0.729064 0.012213 0.018451
5 0.730950 0.728881 0.127206 0.024336
5 0.257210 0.770912 0.134239 0.024416
5 0.742604 0.769976 0.120174 0.024256
5 0.258934 0.791507 0.136543 0.022916
5 0.356162 0.788111 0.040467 0.023350
5 0.747845 0.790531 0.103722 0.022543
5 0.218482 0.813344 0.054492 0.021984
5 0.285254 0.811058 0.052148 0.021957
5 0.749570 0.811125 0.103763 0.024070
2 0.274000 0.850505 0.161097 0.028512
2 0.655021 0.848465 0.225858 0.033354
5 0.220078 0.872877 0.054492 0.021984
5 0.306756 0.869601 0.101419 0.024043
5 0.742426 0.872284 0.120179 0.024605
