5 0.124305 0.547937 0.029979 0.021623
3 0.228359 0.545328 0.083593 0.033407
3 0.341817 0.548186 0.146357 0.034988
3 0.537350 0.553111 0.247744 0.037541
4 0.785990 0.559373 0.136701 0.034745
5 0.123040 0.574054 0.030148 0.025105
3 0.284946 0.574645 0.199464 0.036325
3 0.439441 0.578536 0.112561 0.034137
4 0.787056 0.587292 0.131873 0.034623
5 0.121860 0.598429 0.030148 0.025105
3 0.348859 0.602403 0.329988 0.043091
4 0.785707 0.615149 0.131873 0.034623
5 0.120511 0.626287 0.030148 0.025105
3 0.270347 0.626574 0.175324 0.035717
4 0.786856 0.641326 0.136869 0.038227
5 0.114335 0.654023 0.030148 0.025105
3 0.252016 0.655747 0.151353 0.038592
3 0.387284 0.657411 0.112561 0.034137
4 0.787921 0.669245 0.132041 0.038105
5 0.777982 0.724778 0.156181 0.038713
5 0.176983 0.707897 0.170496 0.035596
5 0.127271 0.736280 0.083762 0.036889
5 0.216504 0.740271 0.088421 0.033529
5 0.786289 0.752878 0.136869 0.038227
5 0.166776 0.794800 0.182482 0.042743
5 0.829373 0.811490 0.044969 0.032434
2 0.130382 0.821776 0.107733 0.034015
2 0.779660 0.839873 0.161009 0.038835
5 0.113216 0.851850 0.085923 0.045412
5 0.196540 0.853077 0.098245 0.037254
5 0.324398 0.858041 0.161178 0.042317
5 0.721077 0.876748 0.158258 0.042135
5 0.828584 0.877712 0.040141 0.032313
