5 0.144676 0.541667 0.020833 0.021605
3 0.247685 0.541667 0.129630 0.024691
3 0.409722 0.540895 0.148148 0.023148
4 0.894097 0.539738 0.146991 0.025463
5 0.143519 0.567130 0.018519 0.023148
3 0.222222 0.566358 0.078704 0.024691
3 0.371528 0.566358 0.173611 0.024691
4 0.899306 0.564043 0.141204 0.023148
5 0.281250 0.617284 0.203704 0.024691
5 0.898148 0.612654 0.145833 0.024691
5 0.268519 0.642747 0.125000 0.023148
5 0.431713 0.641204 0.152778 0.023148
5 0.559028 0.639660 0.053241 0.023148
5 0.910301 0.637346 0.123843 0.026235
5 0.243056 0.668981 0.129630 0.026235
5 0.381944 0.667438 0.101852 0.023148
5 0.498843 0.666667 0.076389 0.024691
5 0.912616 0.662037 0.123843 0.026235
2 0.241898 0.706019 0.138889 0.047840
2 0.902199 0.698302 0.163194 0.052469
5 0.140046 0.706019 0.030093 0.041667
