5 0.135721 0.411548 0.044319 0.038251
3 0.218852 0.414233 0.130689 0.031142
3 0.361353 0.415278 0.140330 0.032485
3 0.517389 0.416523 0.149054 0.031461
4 0.696385 0.415138 0.124008 0.032942
5 0.212046 0.442181 0.049397 0.033735
5 0.322570 0.444031 0.162887 0.029333
5 0.440293 0.444457 0.064115 0.028640
5 0.208751 0.468453 0.033680 0.028959
5 0.258974 0.470186 0.064932 0.031627
5 0.340780 0.473359 0.095336 0.031972
5 0.459101 0.473064 0.136008 0.030474
5 0.207129 0.497052 0.045749 0.026831
5 0.258217 0.498785 0.068397 0.031667
5 0.342718 0.499774 0.105703 0.032086
5 0.145769 0.523227 0.033870 0.031692
3 0.206448 0.522915 0.078924 0.030908
3 0.278834 0.525027 0.055511 0.028600
3 0.389293 0.524859 0.150152 0.030414
4 0.735282 0.517423 0.040953 0.031672
5 0.215283 0.549786 0.032258 0.028260
5 0.282516 0.550534 0.098863 0.027521
5 0.381696 0.550559 0.098227 0.032197
5 0.217172 0.576127 0.031947 0.028959
5 0.291165 0.575775 0.112574 0.027496
5 0.402188 0.574855 0.095306 0.029764
5 0.214698 0.604135 0.042435 0.032511
5 0.264980 0.603580 0.068588 0.031293
5 0.334354 0.603195 0.065122 0.031373
5 0.422396 0.600792 0.097160 0.033241
5 0.214415 0.632745 0.032924 0.030123
5 0.293289 0.633624 0.117954 0.030734
5 0.402469 0.629756 0.102237 0.029784
5 0.213155 0.662479 0.038969 0.032471
5 0.284720 0.661561 0.102389 0.034345
5 0.403506 0.656667 0.133550 0.032802
5 0.149120 0.691494 0.032198 0.029444
3 0.218146 0.689410 0.102268 0.027536
3 0.311700 0.687089 0.083206 0.029969
4 0.707200 0.679600 0.098923 0.033221
5 0.151024 0.717263 0.033991 0.028280
3 0.192672 0.716027 0.045780 0.027975
3 0.304516 0.715027 0.167511 0.027887
3 0.425039 0.712410 0.066725 0.033935
4 0.706031 0.704205 0.096404 0.032137
5 0.156438 0.743073 0.039220 0.029404
3 0.215415 0.741454 0.080929 0.026577
3 0.331289 0.738788 0.143886 0.024674
4 0.706690 0.731089 0.097160 0.033241
5 0.208746 0.763712 0.068739 0.025653
5 0.293413 0.762382 0.093664 0.025253
5 0.693331 0.758977 0.125771 0.031778
5 0.226722 0.837270 0.078704 0.027456
5 0.694679 0.840260 0.127284 0.034613
5 0.256714 0.863828 0.142153 0.027002
5 0.702935 0.869522 0.109139 0.031002
5 0.218948 0.889119 0.059007 0.029085
5 0.701861 0.895864 0.109955 0.030942
2 0.224726 0.913222 0.172458 0.036297
2 0.686376 0.924264 0.245277 0.032579
5 0.244764 0.943192 0.202077 0.029764
5 0.418929 0.943497 0.115244 0.034494
5 0.788296 0.952898 0.041558 0.032511
