5 0.057883 0.581706 0.020892 0.023119
3 0.241531 0.579903 0.200673 0.028620
3 0.428532 0.580359 0.166563 0.031701
4 0.882021 0.582279 0.146321 0.033749
5 0.057115 0.611450 0.021010 0.027695
5 0.222970 0.611119 0.163121 0.029373
5 0.949013 0.609390 0.031220 0.030103
5 0.119927 0.669408 0.170006 0.034029
5 0.216388 0.669403 0.024335 0.025447
5 0.886544 0.669302 0.146321 0.033749
2 0.092090 0.698833 0.115750 0.028814
2 0.885746 0.700190 0.146380 0.036037
5 0.129329 0.730776 0.200496 0.035484
5 0.307931 0.728844 0.142937 0.033709
5 0.751922 0.738090 0.188468 0.037640
5 0.901690 0.738141 0.119252 0.033430
