3 0.192911 0.500087 0.064661 0.026243
3 0.264352 0.500490 0.066409 0.028572
3 0.348098 0.498035 0.088770 0.026546
3 0.441140 0.498141 0.077856 0.027754
3 0.509488 0.497906 0.046556 0.030117
5 0.577819 0.497002 0.013749 0.022884
4 0.780782 0.495973 0.093445 0.028596
3 0.200132 0.526382 0.083100 0.029827
3 0.280390 0.526323 0.063748 0.027567
3 0.362365 0.523636 0.091446 0.027384
3 0.453636 0.523197 0.076457 0.027384
3 0.510883 0.524821 0.020310 0.030044
3 0.536824 0.523610 0.021145 0.025648
3 0.563021 0.524039 0.018720 0.030747
5 0.620726 0.522244 0.013749 0.023377
4 0.781967 0.521376 0.095208 0.027284
3 0.193097 0.552535 0.064333 0.028235
3 0.272458 0.551152 0.083777 0.027824
5 0.357078 0.550366 0.020279 0.024980
4 0.783913 0.547729 0.089052 0.027894
3 0.185785 0.579671 0.052036 0.026106
3 0.258084 0.578400 0.078456 0.028422
5 0.343107 0.576613 0.012328 0.023528
4 0.785079 0.574774 0.089652 0.028526
5 0.221497 0.632327 0.122259 0.030329
5 0.785436 0.627499 0.094988 0.027384
5 0.178089 0.660628 0.038179 0.027229
5 0.214641 0.659143 0.013733 0.023551
5 0.273226 0.659381 0.078410 0.034421
5 0.794443 0.654160 0.081732 0.027097
2 0.199884 0.713470 0.082772 0.031128
2 0.789062 0.707668 0.098546 0.029944
5 0.198532 0.768607 0.081101 0.029101
5 0.784577 0.761844 0.106420 0.028783
5 0.210743 0.796155 0.110720 0.031490
5 0.790955 0.790154 0.097253 0.028010
