3 0.156839 0.726672 0.084674 0.022153
5 0.590704 0.723490 0.056739 0.023539
4 0.838026 0.723675 0.028695 0.021637
3 0.131463 0.758983 0.031859 0.023310
3 0.224816 0.759767 0.140816 0.027603
3 0.311759 0.754852 0.025585 0.021608
5 0.591735 0.754735 0.056739 0.023539
4 0.884179 0.755326 0.118938 0.024114
5 0.414542 0.805720 0.090948 0.023855
5 0.555321 0.806066 0.187609 0.022959
5 0.884035 0.798097 0.115828 0.024085
5 0.418548 0.832826 0.090894 0.022211
5 0.528978 0.832629 0.125049 0.020882
5 0.881821 0.825260 0.028695 0.021637
2 0.428692 0.857407 0.103334 0.022326
2 0.531347 0.857282 0.090840 0.020566
2 0.878052 0.852437 0.112718 0.024056
5 0.424973 0.909669 0.100395 0.024585
5 0.886732 0.903351 0.136043 0.029176
5 0.466529 0.943419 0.181335 0.024661
5 0.882430 0.937936 0.097168 0.023913
