5 0.157942 0.461393 0.054152 0.031037
3 0.246390 0.458743 0.131769 0.028766
3 0.368231 0.457986 0.086643 0.027252
3 0.432310 0.457229 0.046931 0.040878
3 0.499097 0.457986 0.084838 0.030280
4 0.857401 0.457229 0.101083 0.031794
5 0.208484 0.501893 0.092058 0.027252
5 0.410650 0.501136 0.077617 0.028766
5 0.093863 0.585920 0.046931 0.025738
5 0.164260 0.585920 0.079422 0.028766
5 0.858755 0.591219 0.101986 0.034822
5 0.100181 0.629826 0.063177 0.025738
5 0.197653 0.630583 0.106498 0.027252
5 0.860108 0.635125 0.099278 0.030280
2 0.104242 0.714232 0.078520 0.031037
2 0.195848 0.716124 0.077617 0.028766
2 0.861011 0.722937 0.101083 0.031794
5 0.102888 0.758516 0.075812 0.028766
5 0.193141 0.760030 0.075812 0.028766
5 0.902527 0.769871 0.018051 0.030280
5 0.109206 0.803936 0.092058 0.028766
5 0.194043 0.803936 0.070397 0.028766
5 0.870487 0.815291 0.085740 0.034822
5 0.106498 0.846329 0.093863 0.028766
5 0.862816 0.859955 0.101083 0.031794
