3 0.214120 0.428241 0.090278 0.023148
3 0.313657 0.428241 0.085648 0.023148
5 0.315972 0.456019 0.016204 0.020062
5 0.543981 0.452932 0.069444 0.023148
4 0.718750 0.451389 0.071759 0.023148
3 0.206019 0.483025 0.074074 0.024691
3 0.304398 0.481481 0.104167 0.024691
3 0.402778 0.480710 0.069444 0.023148
5 0.315972 0.509259 0.016204 0.021605
5 0.545139 0.505401 0.067130 0.023148
4 0.721065 0.504630 0.071759 0.021605
3 0.205440 0.538194 0.072917 0.028549
3 0.289931 0.535880 0.075231 0.027006
3 0.394676 0.533951 0.118056 0.024691
3 0.537037 0.530864 0.148148 0.024691
5 0.317130 0.564043 0.013889 0.020062
5 0.540509 0.558642 0.081019 0.024691
4 0.716435 0.557870 0.085648 0.023148
3 0.229745 0.593750 0.130787 0.030093
3 0.346644 0.589120 0.091435 0.028549
5 0.317130 0.619599 0.013889 0.020062
5 0.548611 0.611883 0.069444 0.023148
4 0.725694 0.611883 0.071759 0.023148
3 0.203704 0.652392 0.083333 0.033179
3 0.281829 0.648534 0.059028 0.027006
5 0.317130 0.675926 0.013889 0.021605
5 0.550926 0.666667 0.069444 0.024691
4 0.729167 0.666667 0.074074 0.024691
3 0.230903 0.709877 0.135417 0.035494
3 0.339699 0.702546 0.077546 0.030093
3 0.414352 0.699846 0.055556 0.026235
3 0.494213 0.696759 0.085648 0.026235
5 0.318287 0.734568 0.016204 0.021605
5 0.545718 0.722222 0.086806 0.027778
4 0.724537 0.721451 0.087963 0.023148
5 0.181713 0.823302 0.025463 0.026235
2 0.372685 0.797840 0.185185 0.061728
2 0.683449 0.785494 0.179398 0.054012
5 0.326389 0.836806 0.083333 0.031636
5 0.719329 0.818673 0.103009 0.026235
5 0.391204 0.870756 0.224537 0.067130
5 0.685185 0.855710 0.180556 0.052469
