5 0.153673 0.405663 0.021959 0.026204
3 0.308118 0.405032 0.227727 0.027870
3 0.525847 0.403239 0.139060 0.031631
4 0.711831 0.432244 0.171090 0.029609
5 0.500917 0.469646 0.021959 0.026204
5 0.570708 0.468000 0.057498 0.028250
5 0.309506 0.506410 0.231354 0.032735
5 0.718320 0.501114 0.171132 0.031231
5 0.240032 0.543337 0.088263 0.028618
5 0.733366 0.534191 0.145100 0.030919
2 0.268114 0.577070 0.149833 0.030976
2 0.634290 0.570662 0.337929 0.037253
5 0.255447 0.613724 0.122556 0.032244
5 0.724513 0.604868 0.173498 0.031259
5 0.285356 0.649868 0.180556 0.029722
5 0.737213 0.638784 0.147467 0.030948
