3 0.171603 0.511535 0.089128 0.045634
3 0.320792 0.513854 0.183970 0.038764
4 0.689528 0.512477 0.143218 0.037238
5 0.094526 0.512192 0.026307 0.034300
3 0.172307 0.552728 0.089217 0.041289
4 0.689310 0.552832 0.143357 0.038896
5 0.094841 0.552382 0.023725 0.039175
5 0.229849 0.634089 0.208502 0.041352
5 0.685042 0.634292 0.152697 0.042838
2 0.166974 0.675717 0.091423 0.039914
2 0.686205 0.673790 0.150076 0.038365
5 0.181679 0.714763 0.105956 0.035558
5 0.685140 0.714973 0.150076 0.038365
5 0.204816 0.769567 0.166127 0.067495
5 0.685385 0.771049 0.167910 0.072884
5 0.384478 0.853916 0.033864 0.033555
5 0.465777 0.855466 0.108458 0.035538
5 0.126634 0.843997 0.127839 0.036921
5 0.242974 0.850625 0.079678 0.035464
5 0.596768 0.854686 0.034662 0.030143
5 0.667929 0.855617 0.082261 0.035464
