5 0.146691 0.582294 0.021467 0.022444
3 0.254025 0.579800 0.100179 0.027431
3 0.341682 0.579800 0.060823 0.027431
3 0.413238 0.578554 0.053667 0.024938
4 0.787120 0.578554 0.121646 0.029925
5 0.146691 0.612219 0.021467 0.022444
3 0.271914 0.609726 0.135957 0.027431
3 0.385510 0.608479 0.084079 0.032419
3 0.465116 0.607232 0.050089 0.027431
4 0.788909 0.608479 0.118068 0.029925
2 0.534884 0.690773 0.096601 0.029925
2 0.790698 0.678304 0.121646 0.044888
5 0.169946 0.750623 0.082290 0.029925
5 0.792487 0.745636 0.118068 0.029925
5 0.196780 0.780549 0.135957 0.029925
5 0.838998 0.776808 0.025045 0.027431
