5 0.159776 0.519938 0.024801 0.030321
3 0.245391 0.517641 0.101068 0.037666
3 0.345147 0.511874 0.082261 0.033643
4 0.800594 0.492175 0.124429 0.043959
5 0.497887 0.583263 0.170716 0.040222
5 0.788138 0.572454 0.124429 0.043959
5 0.546947 0.622198 0.082707 0.038921
5 0.801286 0.614125 0.105276 0.042852
2 0.481970 0.716784 0.137722 0.059489
2 0.801230 0.708273 0.148783 0.069003
5 0.575967 0.775661 0.101637 0.037389
5 0.833497 0.767403 0.124652 0.046598
5 0.538726 0.818259 0.140267 0.041164
5 0.817916 0.810735 0.124652 0.046598
