5 0.164352 0.540670 0.023148 0.025518
3 0.214120 0.537480 0.085648 0.035088
3 0.293981 0.534290 0.078704 0.031898
3 0.393519 0.532695 0.111111 0.028708
4 0.837963 0.516746 0.111111 0.028708
5 0.201389 0.567783 0.078704 0.028708
5 0.189815 0.599681 0.046296 0.022329
5 0.222222 0.654705 0.143519 0.036683
5 0.851852 0.636364 0.111111 0.031898
2 0.199074 0.684211 0.092593 0.031898
2 0.851852 0.665072 0.111111 0.031898
5 0.201389 0.749601 0.078704 0.041467
5 0.856481 0.730463 0.111111 0.041467
5 0.246528 0.783094 0.164352 0.044657
5 0.895833 0.768740 0.023148 0.028708
