5 0.284658 0.412662 0.014610 0.019486
3 0.335593 0.413713 0.076815 0.020438
3 0.418818 0.414923 0.084605 0.020032
4 0.743138 0.419317 0.087953 0.024739
5 0.283929 0.437383 0.017287 0.021556
3 0.322331 0.438054 0.054365 0.021840
3 0.399561 0.439160 0.093157 0.020968
4 0.752006 0.443938 0.075271 0.024417
5 0.281953 0.462422 0.020676 0.018988
3 0.307852 0.462476 0.019132 0.022897
3 0.347948 0.463876 0.057814 0.021955
3 0.430803 0.464074 0.097630 0.021719
3 0.345966 0.487244 0.102642 0.022516
3 0.446498 0.488619 0.089678 0.022148
4 0.742254 0.469123 0.088977 0.022784
5 0.280983 0.511887 0.012964 0.019478
3 0.330184 0.511220 0.075211 0.023096
3 0.416873 0.513240 0.093258 0.024218
3 0.357525 0.537066 0.127008 0.024456
4 0.744804 0.518802 0.089768 0.023119
5 0.279511 0.561889 0.016383 0.021824
3 0.309311 0.562135 0.039646 0.022085
3 0.370593 0.563122 0.075983 0.021757
4 0.745327 0.568521 0.090540 0.027491
5 0.498245 0.614074 0.102804 0.022470
5 0.744904 0.618952 0.092426 0.026740
5 0.525466 0.640873 0.052671 0.023067
5 0.751891 0.644915 0.076103 0.025007
2 0.511146 0.670488 0.085739 0.027169
2 0.733520 0.674496 0.111295 0.029316
5 0.506903 0.694561 0.094761 0.029446
5 0.722787 0.700190 0.134487 0.030528
5 0.378517 0.720068 0.078750 0.028985
5 0.485992 0.720980 0.133134 0.027937
5 0.727031 0.726437 0.123770 0.030957
5 0.451158 0.746144 0.067420 0.024163
5 0.517569 0.746940 0.062096 0.023389
5 0.781089 0.752631 0.016394 0.019532
5 0.465059 0.772916 0.066528 0.021549
5 0.526221 0.775176 0.049402 0.026248
5 0.780330 0.779618 0.020917 0.025074
