5 0.128472 0.373821 0.020833 0.028302
3 0.215278 0.372642 0.118056 0.030660
3 0.345486 0.372642 0.114583 0.030660
4 0.848958 0.372642 0.121528 0.035377
5 0.126736 0.408019 0.031250 0.030660
3 0.201389 0.409198 0.097222 0.033019
3 0.289931 0.408019 0.052083 0.030660
3 0.376736 0.409198 0.093750 0.033019
3 0.496528 0.409198 0.118056 0.033019
4 0.838542 0.409198 0.142361 0.033019
5 0.125000 0.445755 0.020833 0.025943
3 0.222222 0.444575 0.138889 0.033019
3 0.387153 0.444575 0.163194 0.033019
3 0.541667 0.444575 0.118056 0.033019
4 0.843750 0.445755 0.138889 0.035377
5 0.121528 0.483491 0.020833 0.030660
3 0.208333 0.482311 0.118056 0.033019
3 0.352431 0.482311 0.142361 0.033019
3 0.486111 0.481132 0.097222 0.035377
4 0.845486 0.483491 0.142361 0.035377
2 0.258681 0.570755 0.225694 0.058962
2 0.777778 0.575472 0.291667 0.073113
5 0.192708 0.619104 0.100694 0.033019
5 0.838542 0.620283 0.163194 0.035377
5 0.282986 0.670991 0.274306 0.056604
5 0.782986 0.674528 0.281250 0.073113
