3 0.142361 0.524306 0.173611 0.032407
3 0.274306 0.526620 0.083333 0.025463
3 0.366319 0.527778 0.093750 0.023148
3 0.491319 0.527778 0.149306 0.023148
3 0.121528 0.556713 0.125000 0.025463
3 0.249132 0.559028 0.126736 0.027778
3 0.345486 0.560185 0.059028 0.027778
5 0.753472 0.526620 0.020833 0.020833
4 0.868056 0.526620 0.138889 0.025463
5 0.107639 0.590278 0.104167 0.027778
5 0.854167 0.597222 0.166667 0.032407
5 0.092014 0.635417 0.079861 0.025463
5 0.885417 0.636574 0.118056 0.027778
2 0.112847 0.675926 0.128472 0.027778
2 0.230903 0.675926 0.100694 0.027778
2 0.847222 0.684028 0.201389 0.039352
5 0.184028 0.733796 0.118056 0.027778
5 0.877604 0.733796 0.140625 0.034722
5 0.117188 0.800926 0.161458 0.032407
5 0.881944 0.795139 0.138889 0.030093
