3 0.074945 0.418251 0.055100 0.030446
3 0.207860 0.421244 0.181820 0.033827
3 0.328066 0.422000 0.029171 0.026039
5 0.519628 0.426564 0.016847 0.033653
5 0.690359 0.426807 0.027722 0.031895
4 0.913979 0.432462 0.023990 0.030845
5 0.103525 0.458593 0.110304 0.034488
5 0.354876 0.460915 0.047701 0.028436
3 0.115698 0.495344 0.143312 0.033378
3 0.237854 0.496523 0.075248 0.027878
3 0.335055 0.497342 0.097404 0.032250
5 0.516691 0.499891 0.016527 0.028504
5 0.637622 0.502998 0.138002 0.036931
4 0.858621 0.507112 0.139516 0.033004
3 0.291330 0.534840 0.095506 0.030150
3 0.369328 0.535315 0.038660 0.031119
5 0.518842 0.537145 0.033159 0.030913
5 0.638004 0.539322 0.136041 0.032936
4 0.853437 0.544366 0.141350 0.033039
3 0.116193 0.570938 0.146828 0.035071
3 0.260442 0.572088 0.115741 0.029579
3 0.357662 0.573431 0.056997 0.031462
5 0.518083 0.576922 0.029555 0.031929
5 0.632744 0.576679 0.141262 0.032970
4 0.853786 0.580741 0.146915 0.033142
5 0.102285 0.645851 0.113820 0.029579
5 0.229902 0.645220 0.097148 0.033129
5 0.384950 0.648408 0.029235 0.027488
5 0.836988 0.654655 0.152137 0.034260
5 0.103671 0.683156 0.113820 0.031543
5 0.230976 0.686064 0.115805 0.034522
5 0.899664 0.694142 0.018553 0.031724
2 0.102111 0.719531 0.108406 0.033403
2 0.253415 0.719379 0.165293 0.034326
2 0.838508 0.729860 0.157702 0.033416
5 0.103345 0.757396 0.108534 0.032422
5 0.836086 0.768147 0.158110 0.037274
5 0.146775 0.793656 0.203802 0.030468
5 0.858897 0.808894 0.121091 0.036623
5 0.082955 0.830734 0.076977 0.029875
5 0.349893 0.834266 0.134079 0.035881
