3 0.142632 0.427025 0.108334 0.037732
3 0.246810 0.426099 0.113379 0.030928
3 0.382139 0.426661 0.164222 0.036588
4 0.563397 0.436620 0.119467 0.030654
5 0.106810 0.456287 0.021010 0.027456
5 0.179601 0.455549 0.115780 0.032246
2 0.129436 0.530004 0.083636 0.028580
2 0.215363 0.530897 0.093019 0.030908
2 0.565194 0.548072 0.123560 0.032012
5 0.169659 0.577490 0.163239 0.032032
5 0.269907 0.578502 0.045678 0.034839
5 0.319368 0.581349 0.063453 0.039615
5 0.143131 0.622764 0.105659 0.030982
5 0.565724 0.641484 0.119193 0.031142
5 0.182601 0.699901 0.190523 0.029815
5 0.611411 0.707823 0.031161 0.028959
