5 0.179558 0.613239 0.039966 0.019649
5 0.233447 0.613968 0.045139 0.021863
3 0.352643 0.613933 0.111039 0.024666
3 0.456091 0.606513 0.075025 0.025129
4 0.800341 0.587341 0.184296 0.035661
5 0.252583 0.679364 0.166778 0.026772
5 0.819002 0.667104 0.184106 0.032760
2 0.238063 0.758775 0.121195 0.025262
2 0.839598 0.749051 0.192764 0.037514
5 0.261154 0.818950 0.166732 0.027655
5 0.397773 0.815692 0.082842 0.026050
5 0.494555 0.815333 0.092485 0.025311
5 0.850724 0.805959 0.195293 0.037654
5 0.264256 0.849548 0.172037 0.031803
5 0.427791 0.846369 0.135378 0.026496
5 0.893960 0.833338 0.123741 0.035503
