3 0.242372 0.537960 0.178182 0.032226
3 0.391572 0.535334 0.108332 0.030707
5 0.376049 0.565054 0.111553 0.030824
5 0.505073 0.562602 0.040345 0.023772
4 0.742014 0.556224 0.114774 0.030941
3 0.258289 0.599055 0.213280 0.031279
3 0.401004 0.596134 0.062655 0.030379
3 0.483192 0.593675 0.088834 0.027767
5 0.419348 0.625154 0.027628 0.025540
5 0.508105 0.624167 0.043735 0.026126
4 0.790483 0.620620 0.027628 0.025540
5 0.201715 0.694747 0.098667 0.030355
5 0.303189 0.691055 0.089003 0.030004
5 0.520886 0.686498 0.027628 0.025540
2 0.209833 0.759490 0.111553 0.030824
2 0.722793 0.750918 0.118165 0.033295
5 0.202437 0.821995 0.103077 0.031532
5 0.298231 0.817949 0.079170 0.027415
5 0.797286 0.817732 0.121386 0.033412
