3 0.270525 0.485196 0.101832 0.025351
3 0.398894 0.484579 0.135434 0.027298
3 0.538863 0.483776 0.120731 0.026672
5 0.196729 0.485005 0.017408 0.023154
4 0.807648 0.484407 0.118689 0.028369
3 0.288486 0.514350 0.135426 0.026983
3 0.436105 0.513787 0.136038 0.027136
5 0.195672 0.514576 0.021850 0.023203
4 0.814223 0.514692 0.104428 0.027808
2 0.314972 0.583724 0.196756 0.050625
2 0.746891 0.584753 0.243445 0.052692
5 0.259163 0.620710 0.082586 0.025137
5 0.804883 0.621433 0.120655 0.028077
5 0.330752 0.659744 0.232520 0.047768
5 0.746754 0.662173 0.241523 0.056517
