3 0.260624 0.433378 0.064841 0.021544
3 0.337811 0.434863 0.076319 0.020693
3 0.429113 0.435273 0.086048 0.022029
5 0.211451 0.433967 0.010550 0.020717
4 0.813309 0.439772 0.069234 0.020946
3 0.260196 0.464441 0.062601 0.022177
3 0.332773 0.464827 0.064826 0.020853
3 0.405111 0.464793 0.064841 0.021361
5 0.211493 0.464426 0.009279 0.020142
4 0.813097 0.468163 0.072776 0.021626
3 0.254538 0.494943 0.051662 0.022674
3 0.316257 0.495121 0.054204 0.023357
3 0.374726 0.494352 0.052902 0.023396
5 0.211311 0.494435 0.011057 0.021361
4 0.812682 0.497580 0.073196 0.021661
3 0.267297 0.525156 0.074063 0.025024
3 0.350687 0.525217 0.078456 0.022064
5 0.210889 0.524496 0.013256 0.020014
4 0.813136 0.527964 0.074483 0.021028
3 0.248167 0.555117 0.041440 0.022542
3 0.309722 0.554998 0.062150 0.020185
5 0.210964 0.555635 0.011027 0.020845
4 0.812940 0.557697 0.071895 0.022985
5 0.308067 0.617153 0.130195 0.025090
5 0.794076 0.619072 0.110782 0.025467
5 0.269673 0.647722 0.053784 0.025423
5 0.337879 0.648160 0.051420 0.026736
5 0.802225 0.648039 0.092220 0.024577
5 0.271695 0.677445 0.051123 0.024759
5 0.342657 0.676470 0.037898 0.025847
5 0.806706 0.676158 0.084674 0.026025
2 0.285111 0.717647 0.089036 0.051235
2 0.794493 0.716937 0.121628 0.047682
5 0.220412 0.717526 0.026647 0.046415
5 0.294393 0.885244 0.117117 0.046312
5 0.793146 0.879717 0.125232 0.049628
