5 0.277634 0.325211 0.019065 0.026594
4 0.745031 0.342532 0.100166 0.039114
3 0.349471 0.340306 0.121536 0.047141
3 0.463779 0.353887 0.105472 0.033073
3 0.574051 0.354475 0.080078 0.033852
5 0.315226 0.364266 0.081220 0.040888
5 0.392978 0.377839 0.079119 0.037839
5 0.469375 0.384069 0.061613 0.027462
5 0.345064 0.428201 0.117883 0.046695
5 0.742836 0.437104 0.098783 0.037046
5 0.327804 0.455695 0.082472 0.041238
5 0.393816 0.465198 0.045412 0.028695
5 0.752517 0.469432 0.081631 0.034458
2 0.324614 0.485962 0.077999 0.040793
2 0.743427 0.501227 0.097847 0.033611
5 0.275516 0.476430 0.017037 0.027890
5 0.303956 0.543717 0.033010 0.031050
5 0.349020 0.550076 0.052375 0.035423
5 0.742357 0.564795 0.097730 0.036684
