5 0.129032 0.390558 0.029777 0.022890
3 0.272953 0.390558 0.208437 0.037196
3 0.476427 0.390558 0.138958 0.028612
4 0.808933 0.391989 0.208437 0.031474
5 0.129032 0.417740 0.029777 0.025751
3 0.260546 0.416309 0.173697 0.028612
3 0.459057 0.416309 0.173697 0.028612
4 0.806452 0.419170 0.193548 0.028612
5 0.129032 0.443491 0.029777 0.025751
3 0.225806 0.443491 0.104218 0.031474
3 0.420596 0.442775 0.240695 0.032904
4 0.818859 0.446352 0.168734 0.031474
5 0.156328 0.499285 0.104218 0.028612
5 0.325062 0.497854 0.173697 0.031474
5 0.803970 0.500715 0.208437 0.031474
5 0.223325 0.527897 0.243176 0.028612
5 0.429280 0.526466 0.104218 0.031474
5 0.818859 0.529328 0.168734 0.031474
2 0.255583 0.569385 0.173697 0.048641
2 0.801489 0.570815 0.213400 0.051502
5 0.126551 0.569385 0.044665 0.048641
5 0.167494 0.655222 0.156328 0.057225
5 0.803970 0.655222 0.208437 0.054363
