5 0.179972 0.234237 0.024905 0.013530
3 0.314297 0.238433 0.175976 0.025236
3 0.440506 0.242750 0.055853 0.018038
5 0.573981 0.246886 0.140306 0.022219
4 0.727460 0.248422 0.146249 0.021614
5 0.175689 0.254476 0.032546 0.017437
3 0.367198 0.261002 0.240989 0.025190
5 0.173431 0.274331 0.039349 0.019208
3 0.305023 0.277722 0.174371 0.022861
3 0.431232 0.281697 0.065006 0.019729
5 0.571029 0.285188 0.143986 0.023749
4 0.726253 0.287872 0.149083 0.020849
5 0.168114 0.294208 0.019620 0.014175
3 0.357971 0.299667 0.242500 0.027526
5 0.299099 0.317131 0.132665 0.022663
5 0.413702 0.321229 0.083122 0.020170
5 0.151445 0.356776 0.023770 0.018887
3 0.261801 0.359162 0.111808 0.020611
3 0.359418 0.361448 0.088313 0.020210
3 0.457036 0.363977 0.079536 0.020936
3 0.547345 0.366807 0.080679 0.019365
4 0.705395 0.369571 0.178050 0.022981
5 0.266388 0.379622 0.083028 0.020936
5 0.380189 0.381503 0.127756 0.023428
5 0.147174 0.398864 0.025187 0.015826
3 0.236911 0.400104 0.086520 0.020170
3 0.331886 0.403035 0.083028 0.021701
3 0.401855 0.404114 0.032358 0.015265
3 0.484140 0.406826 0.108034 0.019967
4 0.706409 0.412182 0.172672 0.022175
5 0.265609 0.422655 0.102750 0.021296
5 0.350586 0.424139 0.036045 0.019131
5 0.445933 0.425558 0.136533 0.019723
5 0.125032 0.462098 0.029148 0.020498
3 0.246900 0.464805 0.129643 0.021173
3 0.358011 0.467654 0.058022 0.020454
3 0.425244 0.469540 0.059815 0.021179
3 0.511302 0.471485 0.081329 0.021701
4 0.712057 0.476360 0.160498 0.025601
5 0.229926 0.486313 0.057928 0.020374
5 0.294004 0.489209 0.039631 0.019896
5 0.388549 0.490628 0.135115 0.023549
5 0.114736 0.530990 0.029242 0.019091
3 0.231413 0.532790 0.136908 0.022784
3 0.357764 0.535195 0.085009 0.021016
3 0.478830 0.538627 0.136908 0.023549
4 0.709167 0.542632 0.156912 0.023305
5 0.313709 0.557269 0.260710 0.024866
5 0.214028 0.579149 0.059627 0.019649
5 0.275788 0.581337 0.036508 0.020658
5 0.373594 0.582718 0.134928 0.021333
5 0.093365 0.624792 0.030753 0.017477
3 0.204523 0.627278 0.110015 0.022302
3 0.340969 0.628795 0.138701 0.022944
4 0.703129 0.636897 0.160216 0.023425
5 0.531769 0.632724 0.158705 0.024070
5 0.090264 0.650044 0.023394 0.015786
3 0.201610 0.651000 0.109827 0.020772
3 0.337962 0.653283 0.138701 0.022944
3 0.490356 0.656692 0.142287 0.023024
4 0.687572 0.661103 0.185316 0.023987
5 0.212946 0.675809 0.088313 0.020291
5 0.336748 0.677811 0.135115 0.022864
5 0.080665 0.698939 0.023394 0.015786
3 0.204655 0.699410 0.135115 0.022864
3 0.321192 0.702017 0.059815 0.021179
3 0.394699 0.703662 0.063401 0.021260
3 0.486230 0.704942 0.088313 0.020291
4 0.695949 0.710782 0.164083 0.027332
5 0.187305 0.723577 0.113601 0.022383
5 0.352249 0.727267 0.192487 0.024147
5 0.694547 0.736095 0.211074 0.029945
5 0.177330 0.775533 0.113601 0.022383
5 0.654093 0.786221 0.243346 0.028371
5 0.236886 0.802954 0.246274 0.025350
5 0.690193 0.812678 0.164944 0.027412
5 0.193829 0.828110 0.170511 0.023706
5 0.686673 0.836803 0.162384 0.022015
5 0.219367 0.853602 0.220617 0.027165
5 0.648377 0.863187 0.241106 0.027646
5 0.199747 0.879239 0.187391 0.027933
5 0.393425 0.881354 0.172954 0.027452
5 0.682218 0.888114 0.166252 0.023626
5 0.147390 0.903026 0.091711 0.020411
5 0.251470 0.903801 0.091899 0.020371
5 0.667416 0.913106 0.192675 0.025678
2 0.156275 0.932366 0.111331 0.033016
2 0.495093 0.941576 0.486244 0.049050
