5 0.107204 0.412537 0.016339 0.019332
3 0.196072 0.409151 0.123096 0.023870
3 0.296545 0.407219 0.067792 0.025710
3 0.386759 0.405527 0.110288 0.027626
4 0.570252 0.398188 0.098592 0.028157
5 0.205976 0.439567 0.136803 0.025611
5 0.117965 0.471855 0.016428 0.021056
3 0.165267 0.469878 0.044848 0.026892
3 0.226689 0.468433 0.070262 0.024045
3 0.329722 0.466440 0.133333 0.022994
4 0.570686 0.456021 0.098503 0.026433
5 0.201336 0.498383 0.113769 0.025069
5 0.292011 0.492796 0.070262 0.024045
5 0.108342 0.533378 0.077940 0.024226
5 0.196547 0.529576 0.090736 0.024527
5 0.257835 0.525544 0.024106 0.021237
5 0.215364 0.559349 0.184194 0.031839
5 0.578116 0.549950 0.103711 0.028278
5 0.190011 0.589299 0.135568 0.030695
5 0.621819 0.577412 0.024285 0.024686
5 0.173132 0.621641 0.106270 0.028338
5 0.327833 0.615410 0.195934 0.032170
5 0.624618 0.606700 0.021725 0.024626
5 0.175931 0.650928 0.113948 0.028518
5 0.275697 0.647717 0.073089 0.029279
5 0.361388 0.644838 0.080678 0.027736
5 0.582719 0.638766 0.114037 0.030243
5 0.176394 0.684588 0.116597 0.030303
5 0.279910 0.679562 0.067881 0.027434
5 0.634144 0.666909 0.024285 0.024686
5 0.172289 0.717059 0.110020 0.034344
5 0.261223 0.714535 0.057644 0.027194
5 0.635797 0.698814 0.024374 0.026411
5 0.241852 0.748661 0.243101 0.038398
5 0.628672 0.734379 0.052615 0.028798
2 0.181862 0.814823 0.129482 0.032329
2 0.603916 0.800575 0.114216 0.033692
5 0.175801 0.858564 0.115272 0.034524
5 0.606106 0.842827 0.114127 0.031968
5 0.166644 0.892018 0.085886 0.029581
5 0.270205 0.887855 0.114037 0.030243
5 0.651177 0.871983 0.026844 0.024746
5 0.206597 0.921295 0.162574 0.029663
5 0.620884 0.905503 0.091004 0.029701
