5 0.136394 0.440992 0.049235 0.025140
5 0.516301 0.440293 0.122422 0.023743
3 0.169328 0.470670 0.124418 0.025140
3 0.309714 0.469972 0.124418 0.023743
4 0.786427 0.469448 0.119760 0.024791
5 0.137725 0.499651 0.051896 0.023743
5 0.517631 0.499127 0.119760 0.024791
3 0.250499 0.528980 0.288090 0.027933
4 0.795742 0.522172 0.127745 0.025489
5 0.204258 0.559008 0.195609 0.026536
5 0.791084 0.546439 0.150366 0.027235
5 0.145376 0.588687 0.076514 0.023743
5 0.242848 0.587640 0.075848 0.024441
5 0.785429 0.570182 0.176314 0.029330
5 0.816035 0.593575 0.132402 0.027933
5 0.178310 0.616096 0.150366 0.026885
5 0.484365 0.659916 0.258150 0.034916
2 0.214238 0.699895 0.242182 0.034567
2 0.823021 0.679295 0.166334 0.035265
5 0.185961 0.732367 0.202927 0.033170
5 0.827345 0.712116 0.173653 0.035964
5 0.234531 0.763268 0.305389 0.037709
5 0.846640 0.745810 0.144378 0.034916
