3 0.378843 0.336223 0.090299 0.015556
3 0.463136 0.337132 0.078995 0.016185
3 0.544594 0.336942 0.088397 0.014753
5 0.344205 0.357609 0.016154 0.013914
5 0.391661 0.359338 0.016114 0.012389
5 0.442404 0.357214 0.068104 0.016052
4 0.732348 0.350742 0.070361 0.016079
5 0.337589 0.385533 0.046643 0.015036
5 0.395736 0.385610 0.070361 0.016841
5 0.733097 0.379723 0.070361 0.016079
2 0.355035 0.427286 0.081626 0.015449
2 0.426685 0.426039 0.071489 0.014527
2 0.735269 0.420131 0.072657 0.017631
5 0.345033 0.455250 0.062501 0.017511
5 0.395281 0.456183 0.038743 0.015706
5 0.731583 0.452216 0.081685 0.017737
5 0.360708 0.487108 0.093665 0.014833
5 0.428231 0.485928 0.048151 0.015063
5 0.736885 0.482669 0.072657 0.017631
