3 0.092110 0.492277 0.097708 0.033682
3 0.179476 0.490929 0.058879 0.033083
5 0.271737 0.491651 0.015112 0.028117
4 0.818899 0.478915 0.109842 0.033869
5 0.119244 0.575562 0.080720 0.033420
5 0.201756 0.574289 0.061306 0.033120
5 0.291506 0.570757 0.095281 0.033645
5 0.378892 0.570482 0.051641 0.035116
5 0.119598 0.654968 0.151098 0.034506
5 0.823812 0.635515 0.110971 0.035996
5 0.070653 0.696502 0.061306 0.033120
5 0.165320 0.696114 0.090470 0.035715
5 0.839742 0.673902 0.095281 0.033645
5 0.135172 0.736821 0.195930 0.040525
5 0.880631 0.716196 0.049256 0.037224
2 0.082285 0.824561 0.101327 0.039065
2 0.850714 0.799288 0.112311 0.036052
5 0.855473 0.886674 0.130491 0.043805
5 0.079263 0.916896 0.101348 0.039065
5 0.869700 0.930989 0.118336 0.040400
5 0.096534 0.962237 0.139049 0.038610
