5 0.119221 0.488124 0.029197 0.019002
3 0.206813 0.486936 0.136253 0.026128
4 0.858881 0.489311 0.145985 0.026128
5 0.119221 0.511876 0.029197 0.019002
3 0.165450 0.511876 0.053528 0.023753
3 0.226277 0.511876 0.058394 0.023753
3 0.309002 0.511876 0.097324 0.023753
3 0.416058 0.510689 0.116788 0.026128
4 0.858881 0.513064 0.145985 0.026128
5 0.119221 0.535629 0.029197 0.019002
3 0.194647 0.535629 0.121655 0.023753
3 0.309002 0.535629 0.097324 0.023753
4 0.856448 0.539192 0.150852 0.026128
5 0.119221 0.559382 0.029197 0.019002
3 0.177616 0.558195 0.077859 0.026128
3 0.265207 0.559382 0.097324 0.023753
3 0.367397 0.560570 0.097324 0.026128
4 0.858881 0.561758 0.145985 0.023753
5 0.119221 0.584323 0.029197 0.021378
3 0.167883 0.583135 0.058394 0.023753
3 0.236010 0.583135 0.077859 0.023753
4 0.864964 0.586105 0.124088 0.027316
5 0.248175 0.606888 0.218978 0.023753
5 0.381995 0.610451 0.029197 0.016627
5 0.912409 0.614014 0.029197 0.019002
5 0.226277 0.655582 0.175182 0.026128
5 0.849148 0.660333 0.165450 0.026128
5 0.163017 0.680523 0.058394 0.023753
5 0.218978 0.681710 0.024331 0.021378
5 0.857664 0.684679 0.148418 0.032067
5 0.172749 0.713183 0.165450 0.043943
2 0.849148 0.719715 0.165450 0.040380
