3 0.184612 0.475960 0.195219 0.024705
3 0.408499 0.476813 0.218597 0.024822
3 0.575834 0.476903 0.092654 0.023257
3 0.110192 0.504085 0.035966 0.023528
5 0.119239 0.535594 0.058455 0.022914
5 0.328421 0.534235 0.161846 0.024073
4 0.851853 0.534899 0.163676 0.022175
5 0.193772 0.593590 0.215826 0.024079
5 0.848506 0.594640 0.169070 0.023727
5 0.132274 0.623812 0.088147 0.024046
5 0.284747 0.624124 0.177299 0.025046
5 0.863497 0.624860 0.143957 0.023230
2 0.152367 0.682863 0.140361 0.025344
2 0.852105 0.683622 0.172698 0.023257
5 0.141461 0.742148 0.112404 0.023334
5 0.851073 0.742835 0.168214 0.022787
5 0.164816 0.773766 0.172604 0.029197
5 0.866917 0.773596 0.141208 0.022761
