5 0.238715 0.327336 0.032986 0.024100
5 0.306207 0.327336 0.090712 0.026741
3 0.235894 0.356223 0.035156 0.025091
3 0.361762 0.356883 0.199219 0.028392
4 0.690538 0.357049 0.088542 0.026741
5 0.251519 0.385111 0.062934 0.026741
5 0.348741 0.385111 0.116753 0.026741
5 0.703559 0.384946 0.090278 0.027732
5 0.236762 0.414658 0.033420 0.023770
5 0.306207 0.414823 0.090712 0.026741
3 0.265625 0.442885 0.092014 0.028062
3 0.340495 0.444206 0.048177 0.026741
4 0.691406 0.441730 0.092014 0.027732
5 0.252604 0.473919 0.065104 0.026741
5 0.348741 0.473919 0.116753 0.026741
5 0.704427 0.470452 0.092882 0.028392
5 0.237630 0.502641 0.035156 0.025421
5 0.307075 0.502641 0.092448 0.025421
3 0.245009 0.532354 0.049913 0.025421
3 0.300781 0.532354 0.046007 0.025421
3 0.354384 0.532354 0.046441 0.025421
3 0.416450 0.531694 0.059462 0.026741
4 0.693359 0.527402 0.090712 0.026741
5 0.253689 0.561076 0.062934 0.026741
5 0.349609 0.560416 0.118490 0.025421
5 0.708984 0.555464 0.092448 0.026741
5 0.237630 0.590129 0.035156 0.025421
5 0.306207 0.590129 0.090712 0.025421
3 0.244141 0.618851 0.048177 0.026741
3 0.298828 0.618191 0.046441 0.025421
3 0.375651 0.617531 0.094184 0.028062
3 0.452474 0.617531 0.049913 0.026741
4 0.696181 0.612743 0.093750 0.029052
5 0.250651 0.648564 0.064670 0.026741
5 0.347873 0.647904 0.118490 0.025421
5 0.711806 0.642951 0.094618 0.026741
5 0.234158 0.677286 0.035156 0.025421
5 0.304470 0.676626 0.090712 0.026741
3 0.254557 0.707659 0.075955 0.026741
3 0.366536 0.706339 0.133247 0.026741
4 0.700738 0.702707 0.094184 0.028062
5 0.247830 0.737372 0.066840 0.026741
5 0.347005 0.736547 0.120226 0.025091
5 0.715495 0.731760 0.094184 0.026741
5 0.232205 0.768240 0.035590 0.027072
5 0.302734 0.767580 0.090712 0.028392
3 0.273872 0.797293 0.119792 0.029052
3 0.387804 0.796467 0.090712 0.026741
4 0.703559 0.792836 0.096354 0.028062
5 0.245226 0.828821 0.065104 0.026741
5 0.345052 0.828326 0.121528 0.029052
5 0.719184 0.825190 0.098090 0.028062
5 0.257161 0.858864 0.094184 0.030043
5 0.358073 0.857709 0.094618 0.028392
3 0.226780 0.890063 0.035156 0.028392
3 0.283203 0.890063 0.062934 0.028392
3 0.363715 0.890063 0.079861 0.028392
3 0.443359 0.889402 0.064670 0.029713
4 0.714627 0.888577 0.081163 0.028062
5 0.243273 0.921921 0.064670 0.026741
5 0.342448 0.921756 0.122396 0.027072
5 0.736762 0.918950 0.062934 0.026741
5 0.255425 0.953450 0.092448 0.028392
5 0.356337 0.953450 0.094618 0.028392
3 0.249783 0.984483 0.077691 0.028392
3 0.342448 0.984483 0.092882 0.028392
4 0.706163 0.978046 0.094618 0.026741
5 0.720269 0.997194 0.092448 0.005612
