5 0.255634 0.673092 0.021497 0.034851
3 0.334817 0.670034 0.082777 0.036756
3 0.461774 0.665954 0.129991 0.039305
3 0.576731 0.666034 0.052790 0.033823
4 0.731847 0.671908 0.217449 0.046970
5 0.255111 0.715397 0.019100 0.030755
3 0.332672 0.711280 0.084015 0.038804
3 0.487118 0.706048 0.179405 0.039772
4 0.761653 0.714156 0.161429 0.047156
5 0.253468 0.757667 0.019100 0.030755
3 0.329349 0.753498 0.080654 0.038909
3 0.434457 0.747726 0.079612 0.036931
3 0.535508 0.745354 0.079680 0.034666
4 0.730398 0.752961 0.220732 0.052073
5 0.330585 0.793826 0.079534 0.038909
5 0.757344 0.795642 0.159071 0.049098
2 0.316578 0.836733 0.054807 0.037705
2 0.597784 0.831447 0.457917 0.053626
5 0.341981 0.875804 0.111139 0.044104
5 0.739108 0.875682 0.191367 0.056086
5 0.315630 0.918828 0.052868 0.035836
5 0.749829 0.916830 0.166640 0.056319
