5 0.133112 0.494439 0.025419 0.025697
3 0.255170 0.508872 0.171327 0.046807
3 0.361573 0.522527 0.024086 0.023270
3 0.428436 0.529359 0.099332 0.042205
4 0.755286 0.573855 0.126141 0.048499
5 0.447330 0.602302 0.166896 0.050499
5 0.722013 0.639696 0.122598 0.050428
5 0.483635 0.643746 0.086705 0.041593
5 0.723577 0.676552 0.103915 0.043750
2 0.399850 0.714944 0.138406 0.059252
2 0.693917 0.751186 0.150601 0.065485
5 0.373903 0.755896 0.100735 0.036418
5 0.474695 0.768888 0.094678 0.033660
5 0.705851 0.797224 0.115875 0.042100
