3 0.251178 0.567017 0.080308 0.022616
3 0.333266 0.562196 0.080308 0.022616
3 0.404133 0.557727 0.057867 0.021912
5 0.587010 0.547499 0.042906 0.021443
5 0.694149 0.539648 0.112100 0.030213
4 0.883571 0.528684 0.117710 0.031450
3 0.253432 0.592766 0.080504 0.024855
3 0.354123 0.586239 0.125190 0.024024
5 0.589166 0.572129 0.042906 0.021443
5 0.699208 0.565309 0.106685 0.025676
4 0.891533 0.555907 0.118102 0.028268
5 0.285796 0.641146 0.136607 0.026615
5 0.900913 0.609498 0.123516 0.032804
2 0.551823 0.681072 0.091921 0.027446
2 0.643261 0.675958 0.087788 0.022851
2 0.914327 0.666331 0.122038 0.030624
5 0.511645 0.736218 0.282474 0.031192
5 0.926806 0.723193 0.121842 0.028385
5 0.659547 0.819142 0.110230 0.023555
5 0.985387 0.808815 0.029226 0.025686
