5 0.164764 0.404777 0.061328 0.039859
5 0.296697 0.401619 0.166874 0.042386
4 0.777485 0.391807 0.175120 0.048157
3 0.180261 0.449683 0.087714 0.040491
3 0.294705 0.444113 0.108766 0.039343
3 0.410348 0.444741 0.082552 0.035452
5 0.209894 0.545186 0.137304 0.043936
5 0.327042 0.543513 0.061328 0.039859
2 0.249188 0.587258 0.205150 0.041112
2 0.630490 0.585487 0.465948 0.043958
5 0.214386 0.633368 0.137304 0.043936
5 0.789607 0.629784 0.172109 0.042583
5 0.217485 0.678004 0.159031 0.043398
5 0.795908 0.677544 0.173392 0.044130
