5 0.099314 0.609282 0.051278 0.024878
3 0.181756 0.607911 0.116223 0.025545
3 0.328034 0.604912 0.178919 0.026734
3 0.433646 0.603587 0.029982 0.022298
5 0.551132 0.602607 0.120074 0.027070
4 0.748511 0.598633 0.142473 0.023127
5 0.089046 0.644659 0.028792 0.025197
3 0.160340 0.645365 0.116032 0.025570
3 0.309602 0.642341 0.177582 0.025259
3 0.411437 0.639929 0.026294 0.022947
5 0.534626 0.637124 0.124967 0.028520
4 0.749495 0.635257 0.144955 0.023953
5 0.090153 0.684182 0.033876 0.024422
3 0.126228 0.681248 0.048911 0.024827
3 0.208809 0.682127 0.113958 0.024045
4 0.763536 0.670878 0.118824 0.024121
5 0.091128 0.721264 0.028966 0.024565
3 0.127400 0.721108 0.046281 0.023377
3 0.188525 0.718056 0.076350 0.024659
3 0.299105 0.718003 0.145102 0.025924
4 0.776467 0.709823 0.105345 0.028191
5 0.090964 0.760678 0.026250 0.022273
3 0.148407 0.759514 0.086344 0.024887
3 0.255907 0.757700 0.126276 0.025022
4 0.776831 0.750058 0.111182 0.029092
5 0.093145 0.797218 0.028836 0.023216
3 0.128146 0.796205 0.046369 0.024077
3 0.203768 0.794687 0.104821 0.022393
4 0.780444 0.786968 0.103790 0.024440
2 0.337367 0.842747 0.096251 0.025064
2 0.745527 0.841070 0.185252 0.028285
5 0.123406 0.852945 0.075494 0.029014
5 0.218349 0.851013 0.040602 0.031172
5 0.120561 0.894671 0.082493 0.034283
5 0.220284 0.886511 0.061169 0.036052
5 0.349086 0.903097 0.104952 0.024567
5 0.753056 0.900784 0.174850 0.028858
5 0.373558 0.947224 0.143575 0.027526
5 0.778690 0.944123 0.128350 0.028722
