5 0.498682 0.588798 0.020174 0.016759
3 0.267318 0.602110 0.083290 0.023014
3 0.354921 0.596333 0.089856 0.020070
4 0.709149 0.592175 0.095389 0.021751
5 0.558829 0.589123 0.088595 0.018673
5 0.267118 0.626449 0.080881 0.025801
5 0.709645 0.614215 0.095275 0.020523
5 0.254842 0.678017 0.054452 0.023338
5 0.321106 0.670996 0.078781 0.024556
5 0.718596 0.658363 0.081074 0.021332
2 0.267914 0.701966 0.080810 0.025079
2 0.347575 0.693095 0.077555 0.024522
2 0.714182 0.680620 0.095009 0.022009
5 0.713867 0.702793 0.094092 0.020548
5 0.268799 0.727250 0.080315 0.026937
5 0.722140 0.725030 0.080086 0.020352
5 0.282448 0.750341 0.106222 0.030345
