3 0.219379 0.546162 0.267706 0.027997
3 0.399260 0.548513 0.066850 0.023556
5 0.346260 0.580972 0.126422 0.025697
5 0.502143 0.583984 0.044137 0.023059
4 0.769921 0.585093 0.120025 0.027874
3 0.204255 0.612671 0.255220 0.028511
3 0.374540 0.617976 0.070680 0.030638
3 0.475144 0.615034 0.104882 0.027543
5 0.393620 0.649637 0.026647 0.025833
5 0.502316 0.648850 0.041613 0.023004
4 0.818000 0.651797 0.026559 0.024253
5 0.124488 0.718107 0.112454 0.027709
5 0.245758 0.718385 0.107318 0.026018
5 0.508577 0.717803 0.026559 0.024253
2 0.734079 0.786013 0.123690 0.027400
2 0.126090 0.791309 0.128990 0.025753
5 0.105876 0.825275 0.092088 0.024107
5 0.809516 0.851618 0.120009 0.027706
5 0.809373 0.885743 0.118643 0.029091
