5 0.106519 0.681850 0.017568 0.029880
3 0.285937 0.680301 0.139554 0.039659
3 0.404392 0.680600 0.085357 0.036211
3 0.514358 0.682128 0.122577 0.036729
3 0.600684 0.682133 0.024541 0.040402
3 0.617096 0.682889 0.025436 0.036053
4 0.739425 0.682562 0.119193 0.036682
5 0.107443 0.716909 0.020951 0.029927
3 0.249612 0.716189 0.068439 0.035976
3 0.332510 0.717342 0.085357 0.036211
4 0.736936 0.718921 0.122636 0.039424
5 0.106675 0.751944 0.020951 0.029927
3 0.250536 0.751248 0.065056 0.035929
3 0.333434 0.752400 0.081974 0.036164
4 0.739523 0.755350 0.122577 0.036729
5 0.205723 0.788366 0.085357 0.036211
5 0.304737 0.787709 0.100554 0.037747
5 0.416410 0.788600 0.124387 0.042142
5 0.730266 0.791615 0.139554 0.039659
5 0.225257 0.823684 0.119193 0.036682
5 0.732823 0.829393 0.139554 0.039659
5 0.197420 0.858343 0.065056 0.035929
5 0.268475 0.859330 0.065056 0.035929
5 0.334426 0.861595 0.048079 0.032999
5 0.740455 0.867240 0.122636 0.039424
5 0.196593 0.896073 0.065056 0.035929
5 0.272724 0.897131 0.061672 0.035882
5 0.741379 0.902299 0.119252 0.039377
2 0.261038 0.967060 0.190248 0.037669
2 0.670451 0.972752 0.257920 0.038610
