5 0.113376 0.659170 0.020382 0.029412
3 0.230573 0.660035 0.109554 0.031142
3 0.329936 0.659170 0.063694 0.029412
3 0.415924 0.659170 0.072611 0.032872
4 0.829936 0.660035 0.126115 0.031142
5 0.109554 0.694204 0.022930 0.030277
5 0.227389 0.692907 0.110828 0.031142
5 0.348408 0.692042 0.105732 0.032872
5 0.480892 0.692042 0.141401 0.034602
5 0.842675 0.692474 0.110828 0.030277
2 0.547134 0.784170 0.115924 0.032007
2 0.842038 0.774221 0.140127 0.058824
5 0.129936 0.857266 0.094268 0.032872
5 0.836943 0.858131 0.155414 0.038062
5 0.161146 0.891003 0.149045 0.034602
5 0.846497 0.892301 0.138854 0.033737
