5 0.113677 0.403698 0.049533 0.032785
5 0.227713 0.402572 0.145415 0.038015
4 0.664282 0.394747 0.143056 0.036453
3 0.155631 0.441997 0.143136 0.037962
3 0.260669 0.443345 0.028782 0.027785
5 0.113258 0.482246 0.049533 0.032785
5 0.215897 0.481384 0.122623 0.037488
4 0.655846 0.472725 0.172764 0.038647
3 0.123304 0.521283 0.074762 0.036382
3 0.217927 0.519851 0.072244 0.031803
3 0.354183 0.518212 0.168868 0.033989
2 0.181134 0.607423 0.185986 0.034722
2 0.605063 0.602279 0.285819 0.039798
5 0.149951 0.647914 0.119324 0.035199
5 0.656292 0.643385 0.206788 0.038007
5 0.158428 0.689631 0.145574 0.041032
5 0.685870 0.685368 0.152089 0.038034
