3 0.225625 0.460271 0.067307 0.017347
3 0.302146 0.459507 0.065616 0.017330
3 0.367271 0.459462 0.054587 0.016012
3 0.425917 0.461899 0.049216 0.020066
5 0.308317 0.481572 0.022456 0.015691
4 0.709606 0.480227 0.096048 0.017392
5 0.506633 0.480802 0.094327 0.016408
5 0.239284 0.526755 0.098132 0.016446
5 0.329545 0.525854 0.065579 0.016121
5 0.572262 0.525004 0.016442 0.012489
5 0.219277 0.550169 0.052502 0.016958
5 0.293032 0.548829 0.081710 0.018457
5 0.713705 0.545234 0.096048 0.017392
5 0.230803 0.574601 0.085699 0.019708
5 0.321858 0.571755 0.084504 0.018275
5 0.719668 0.567422 0.085364 0.017049
2 0.233132 0.595372 0.081681 0.017490
2 0.322533 0.593996 0.079596 0.018436
2 0.715871 0.588498 0.094297 0.015441
