5 0.109692 0.576523 0.018295 0.022709
3 0.198724 0.575829 0.093857 0.022177
3 0.331918 0.574789 0.130814 0.025404
4 0.802899 0.569276 0.148425 0.023991
5 0.111474 0.608652 0.022343 0.021559
3 0.236286 0.606917 0.177562 0.022877
3 0.406457 0.604757 0.140330 0.027917
3 0.538958 0.603960 0.106549 0.028305
4 0.803582 0.598023 0.149273 0.026716
5 0.197369 0.670384 0.200595 0.027762
5 0.798316 0.660520 0.166791 0.026123
2 0.158044 0.704457 0.122381 0.027765
2 0.798144 0.694583 0.164139 0.026123
5 0.159509 0.771258 0.134862 0.029218
5 0.803068 0.758350 0.172118 0.028115
5 0.175105 0.805527 0.152043 0.027354
5 0.881773 0.788732 0.046984 0.031788
