5 0.112636 0.286145 0.024801 0.025414
3 0.238064 0.283430 0.161764 0.030007
3 0.361963 0.277398 0.025024 0.027625
4 0.749553 0.248060 0.192503 0.045544
5 0.112457 0.316160 0.025024 0.027625
5 0.238661 0.311156 0.162512 0.036488
5 0.831518 0.273540 0.034824 0.030301
5 0.113986 0.347204 0.021832 0.027471
3 0.255409 0.342018 0.196365 0.034949
3 0.443006 0.333484 0.130813 0.037153
4 0.756657 0.311099 0.200595 0.048066
5 0.115627 0.379353 0.025247 0.029837
5 0.289713 0.372030 0.258501 0.043340
5 0.489115 0.361257 0.095476 0.033240
5 0.839476 0.336502 0.038239 0.032668
2 0.244855 0.451998 0.168160 0.060974
2 0.773516 0.421938 0.207839 0.067176
5 0.117055 0.457079 0.040248 0.052575
5 0.179916 0.539608 0.165928 0.038855
5 0.789181 0.505642 0.204234 0.040711
5 0.215834 0.641223 0.242764 0.044779
5 0.825099 0.607257 0.172758 0.043588
