3 0.304422 0.628125 0.125850 0.035937
3 0.445578 0.630078 0.126984 0.039844
3 0.585601 0.630859 0.116780 0.044531
4 0.833900 0.632812 0.157596 0.039062
5 0.189909 0.630078 0.069161 0.030469
3 0.257937 0.672266 0.125850 0.039844
3 0.386621 0.671484 0.106576 0.038281
3 0.492630 0.672266 0.078231 0.036719
4 0.837868 0.674609 0.149660 0.036719
5 0.162698 0.670312 0.017007 0.031250
5 0.243764 0.753516 0.190476 0.038281
5 0.836168 0.760156 0.146259 0.034375
2 0.208050 0.793359 0.123583 0.036719
2 0.836168 0.800391 0.153061 0.036719
5 0.186508 0.873047 0.075964 0.038281
5 0.834467 0.881641 0.149660 0.035156
