5 0.134854 0.415977 0.014713 0.039882
3 0.241113 0.411023 0.151591 0.047743
3 0.388372 0.408079 0.105377 0.041617
3 0.543429 0.403028 0.054779 0.041479
4 0.800658 0.396385 0.167748 0.043297
5 0.385529 0.510232 0.209983 0.049217
5 0.806281 0.504866 0.168972 0.051630
5 0.112959 0.517387 0.101094 0.047441
5 0.199100 0.514384 0.016207 0.041464
5 0.463745 0.565074 0.061078 0.046130
5 0.845108 0.561700 0.100893 0.050755
5 0.295287 0.622009 0.086652 0.048175
5 0.422764 0.620240 0.133440 0.048219
5 0.823213 0.618823 0.139015 0.051984
2 0.278963 0.758160 0.156667 0.091062
2 0.426398 0.758654 0.148254 0.092957
2 0.812331 0.759549 0.186353 0.092045
