3 0.447191 0.396991 0.247191 0.020833
5 0.413483 0.424769 0.116854 0.020833
5 0.617978 0.423611 0.040449 0.018519
4 0.804494 0.423611 0.089888 0.018519
3 0.393258 0.443287 0.139326 0.020833
3 0.523596 0.443287 0.121348 0.020833
5 0.413483 0.473380 0.116854 0.020833
5 0.617978 0.472222 0.040449 0.018519
4 0.804494 0.471065 0.089888 0.016204
5 0.494382 0.502315 0.134831 0.023148
5 0.795506 0.501157 0.107865 0.020833
5 0.449438 0.542824 0.224719 0.020833
5 0.835955 0.542824 0.026966 0.016204
5 0.494382 0.577546 0.134831 0.020833
5 0.838202 0.577546 0.022472 0.016204
5 0.512360 0.619213 0.089888 0.020833
5 0.806742 0.621528 0.094382 0.020833
2 0.505618 0.656250 0.112360 0.020833
2 0.800000 0.656250 0.107865 0.020833
5 0.460674 0.687500 0.193258 0.023148
5 0.800000 0.686343 0.107865 0.020833
5 0.450562 0.719329 0.213483 0.028935
5 0.840449 0.719907 0.026966 0.018519
