5 0.108796 0.609387 0.018519 0.022275
3 0.192130 0.608592 0.125000 0.023866
3 0.312500 0.607796 0.087963 0.025457
4 0.825231 0.610979 0.090278 0.025457
5 0.165509 0.669849 0.141204 0.025457
5 0.748843 0.672235 0.039352 0.027049
5 0.827546 0.673031 0.090278 0.025457
2 0.140046 0.700080 0.090278 0.025457
2 0.751157 0.704057 0.039352 0.027049
2 0.826389 0.702466 0.087963 0.023866
5 0.131944 0.772474 0.087963 0.049324
5 0.752315 0.776452 0.041667 0.044551
5 0.826389 0.771679 0.087963 0.041368
5 0.173611 0.817025 0.166667 0.046142
5 0.813657 0.817820 0.039352 0.041368
5 0.854167 0.814638 0.023148 0.038186
