3 0.308935 0.449571 0.074195 0.027383
3 0.395032 0.452380 0.074118 0.025875
3 0.469020 0.454144 0.054240 0.025401
5 0.298596 0.478776 0.025529 0.024716
5 0.435491 0.482796 0.122784 0.028542
4 0.751243 0.491838 0.105115 0.028121
5 0.346348 0.539574 0.162539 0.029490
5 0.751664 0.548486 0.107247 0.026665
2 0.468806 0.609706 0.185782 0.052645
2 0.752611 0.616475 0.121732 0.051117
5 0.293424 0.677264 0.077248 0.025389
5 0.744569 0.687270 0.125070 0.030103
5 0.316766 0.707273 0.129487 0.030209
5 0.750756 0.717624 0.109610 0.029735
