5 0.197917 0.690141 0.020833 0.044266
3 0.277778 0.690141 0.111111 0.052314
3 0.416667 0.690141 0.145833 0.052314
3 0.564236 0.690141 0.128472 0.052314
4 0.850694 0.684105 0.131944 0.056338
5 0.197917 0.746479 0.020833 0.044266
3 0.295139 0.746479 0.145833 0.052314
3 0.446181 0.746479 0.128472 0.052314
4 0.852431 0.740443 0.135417 0.056338
2 0.317708 0.863179 0.204861 0.076459
2 0.800347 0.865191 0.267361 0.080483
5 0.248264 0.913481 0.093750 0.032193
5 0.871528 0.929577 0.145833 0.048290
5 0.321181 0.958753 0.274306 0.082495
5 0.838542 0.968813 0.243056 0.062374
