5 0.107639 0.438657 0.020833 0.030093
3 0.192708 0.438657 0.114583 0.034722
3 0.324653 0.438657 0.128472 0.034722
3 0.446181 0.436343 0.093750 0.034722
4 0.809896 0.426505 0.154514 0.042824
5 0.105903 0.475694 0.024306 0.030093
3 0.192708 0.475694 0.114583 0.034722
3 0.327257 0.474537 0.130208 0.037037
3 0.453125 0.472222 0.093750 0.032407
4 0.814236 0.465278 0.149306 0.037037
5 0.102431 0.511574 0.031250 0.032407
3 0.213542 0.511574 0.163194 0.032407
3 0.373264 0.509259 0.135417 0.032407
3 0.508681 0.505787 0.114583 0.034722
4 0.814236 0.502315 0.149306 0.037037
2 0.239583 0.596065 0.225694 0.062500
2 0.751736 0.594907 0.295139 0.069444
5 0.175347 0.644676 0.100694 0.034722
5 0.814236 0.640046 0.170139 0.034722
5 0.261285 0.693287 0.279514 0.067130
5 0.762153 0.695602 0.288194 0.071759
