3 0.246003 0.545347 0.273230 0.034816
3 0.489894 0.537965 0.116156 0.026630
3 0.600234 0.533742 0.080335 0.026602
5 0.365033 0.572606 0.116318 0.029344
5 0.510854 0.569017 0.044352 0.023859
4 0.777190 0.561225 0.119857 0.028048
3 0.230438 0.611701 0.238250 0.036509
3 0.391891 0.606799 0.066724 0.029291
3 0.484357 0.603594 0.098268 0.027227
5 0.412851 0.637497 0.026537 0.024726
5 0.512837 0.637002 0.042228 0.025273
4 0.831378 0.628885 0.024296 0.024647
5 0.168376 0.715573 0.102869 0.028875
5 0.283760 0.710801 0.098268 0.027227
5 0.528152 0.703027 0.026420 0.023234
2 0.180329 0.781715 0.120684 0.028009
2 0.751817 0.760290 0.118442 0.027931
5 0.167222 0.815078 0.082577 0.026680
5 0.211511 0.849430 0.179200 0.033024
5 0.830841 0.821849 0.118677 0.030914
5 0.192622 0.887855 0.140638 0.027262
5 0.839206 0.856687 0.120802 0.035350
