3 0.223598 0.423574 0.174284 0.030126
3 0.342038 0.425295 0.059272 0.029157
3 0.418508 0.425405 0.092428 0.028033
5 0.149400 0.462135 0.020892 0.024552
5 0.325405 0.461911 0.115750 0.030599
4 0.831368 0.463392 0.119134 0.030642
5 0.132874 0.515399 0.085298 0.030217
5 0.232719 0.515435 0.122459 0.028254
5 0.833452 0.516889 0.119134 0.030642
2 0.153007 0.591605 0.142878 0.032153
2 0.282813 0.593227 0.120117 0.031878
2 0.836638 0.594705 0.122518 0.030684
5 0.223953 0.652632 0.071114 0.030739
5 0.130875 0.652013 0.111717 0.031566
5 0.840237 0.655513 0.125901 0.030726
5 0.155174 0.710727 0.166534 0.032450
5 0.280012 0.711776 0.084619 0.032781
5 0.842144 0.716299 0.125901 0.030726
