3 0.241229 0.500316 0.102122 0.032701
3 0.357908 0.501856 0.102235 0.034735
3 0.460179 0.500026 0.079558 0.034238
5 0.224615 0.536597 0.027613 0.031068
5 0.410332 0.536087 0.175026 0.037956
4 0.850690 0.535051 0.144349 0.035658
5 0.299525 0.603894 0.217521 0.032895
5 0.851646 0.605308 0.147362 0.031662
2 0.472006 0.680965 0.235446 0.053003
2 0.850530 0.683663 0.148493 0.051996
5 0.254115 0.764238 0.105475 0.034806
5 0.850752 0.767137 0.144349 0.035658
5 0.284643 0.798499 0.167138 0.038188
5 0.851955 0.803808 0.144349 0.035658
