3 0.188274 0.682864 0.104322 0.019613
3 0.299443 0.681749 0.086899 0.022533
3 0.417385 0.681728 0.117915 0.023618
5 0.550185 0.682719 0.019453 0.019536
5 0.639191 0.684149 0.070611 0.018502
4 0.798940 0.684870 0.082833 0.021719
3 0.166237 0.711727 0.074771 0.022411
3 0.348138 0.709516 0.255360 0.024995
5 0.551682 0.709798 0.018153 0.021070
5 0.641373 0.711609 0.070635 0.019275
4 0.801808 0.712710 0.084133 0.020184
3 0.181895 0.739617 0.119340 0.021682
3 0.280262 0.738065 0.055836 0.019901
3 0.363831 0.738001 0.088176 0.020225
3 0.442045 0.739152 0.034252 0.018911
5 0.551878 0.737977 0.016758 0.020107
5 0.636830 0.739522 0.084157 0.020958
4 0.797880 0.738682 0.099073 0.024202
5 0.518560 0.795676 0.100397 0.022655
5 0.614280 0.795871 0.068010 0.021570
5 0.803001 0.796302 0.103092 0.023469
2 0.607321 0.855161 0.088246 0.022547
2 0.806845 0.856257 0.109900 0.025858
5 0.606926 0.886516 0.085716 0.027937
5 0.811793 0.886011 0.107135 0.023510
5 0.546496 0.916151 0.070870 0.027014
5 0.648233 0.915131 0.096425 0.025723
