5 0.142059 0.489208 0.041931 0.028080
3 0.267042 0.490999 0.190607 0.033816
3 0.444534 0.490622 0.153467 0.032947
5 0.595684 0.492460 0.138702 0.031849
4 0.787408 0.495245 0.123198 0.034497
5 0.184418 0.519629 0.068941 0.028712
5 0.172757 0.548786 0.048683 0.028238
5 0.236907 0.550286 0.062189 0.028554
5 0.135655 0.579612 0.045307 0.028159
3 0.261570 0.579726 0.189406 0.030463
3 0.404367 0.580236 0.082564 0.031289
3 0.485340 0.583262 0.062189 0.028554
5 0.595129 0.584697 0.139962 0.032631
4 0.787697 0.586937 0.119704 0.032157
5 0.215212 0.609770 0.139962 0.032631
5 0.558086 0.614392 0.102940 0.034024
5 0.176422 0.640556 0.065683 0.030894
5 0.166390 0.670883 0.048683 0.028238
5 0.230540 0.672383 0.062189 0.028554
5 0.489198 0.736160 0.079188 0.031210
5 0.798249 0.741123 0.102822 0.031763
5 0.443655 0.766788 0.173725 0.033421
5 0.788158 0.772581 0.119704 0.032157
2 0.470703 0.799114 0.116328 0.032078
2 0.789884 0.804315 0.119704 0.032157
5 0.479182 0.831006 0.102822 0.031763
5 0.779733 0.836903 0.136703 0.034813
5 0.458822 0.897313 0.136703 0.034813
5 0.789937 0.900529 0.123198 0.034497
